-3.75 12.5 6.49525
-4.4085 12.5 6.06775
-5.0185 12.5 5.5735
-5.5735 12.5 5.0185
-6.06775 12.5 4.4085
-6.49525 12.5 3.75
-6.8515 12.5 3.0505
-7.133 12.5 2.317625
-7.336 12.5 1.55935
-7.459 12.5 0.783975
-7.5 12.5 9.18475e-16
-7.459 12.5 -0.783975
-7.336 12.5 -1.55935
-7.133 12.5 -2.317625
-6.8515 12.5 -3.0505
-6.49525 12.5 -3.75
-6.06775 12.5 -4.4085
-5.5735 12.5 -5.0185
-5.0185 12.5 -5.5735
-4.4085 12.5 -6.06775
-3.75 12.5 -6.49525
-3.75 4.821e-16 -6.49525
-4.4085 3.382e-16 -6.06775
-5.0185 2.048775e-16 -5.5735
-5.5735 8.356e-17 -5.0185
-6.06775 -2.4412e-17 -4.4085
-6.49525 -1.17855e-16 -3.75
-6.8515 -1.95745e-16 -3.0505
-7.133 -2.57225e-16 -2.317625
-7.336 -3.01625e-16 -1.55935
-7.459 -3.28475e-16 -0.783975
-7.5 -3.3745e-16 7.57975e-15
-7.459 -3.28475e-16 0.783975
-7.336 -3.01625e-16 1.55935
-7.133 -2.57225e-16 2.317625
-6.8515 -1.95745e-16 3.0505
-6.49525 -1.17855e-16 3.75
-6.06775 -2.4412e-17 4.4085
-5.5735 8.356e-17 5.0185
-5.0185 2.048775e-16 5.5735
-4.4085 3.382e-16 6.06775
-3.75 -8.1955e-16 6.49525
7.5 12.5 0.0
7.459 12.5 0.783975
7.336 12.5 1.55935
7.133 12.5 2.317625
6.8515 12.5 3.0505
6.49525 12.5 3.75
6.06775 12.5 4.4085
5.5735 12.5 5.0185
5.0185 12.5 5.5735
4.4085 12.5 6.06775
3.75 12.5 6.49525
3.0505 12.5 6.8515
2.317625 12.5 7.133
1.55935 12.5 7.336
0.783975 12.5 7.459
-2.2726e-15 12.5 7.5
-0.783975 12.5 7.459
-1.55935 12.5 7.336
-2.317625 12.5 7.133
-3.0505 12.5 6.8515
-3.0505 6.34975e-16 6.8515
-2.317625 7.9515e-16 7.133
-1.55935 9.60875e-16 7.336
-0.783975 1.130325e-15 7.459
4.5925e-16 1.30165e-15 7.5
0.783975 1.473e-15 7.459
1.55935 1.64245e-15 7.336
2.317625 1.808175e-15 7.133
3.0505 1.96835e-15 6.8515
3.75 2.1212e-15 6.49525
4.4085 2.2651e-15 6.06775
5.0185 2.398425e-15 5.5735
5.5735 2.51975e-15 5.0185
6.06775 2.62775e-15 4.4085
6.49525 2.72125e-15 3.75
6.8515 2.799e-15 3.0505
7.133 2.8605e-15 2.317625
7.336 2.905e-15 1.55935
7.459 2.93175e-15 0.783975
7.5 1.6391e-15 0.0
-2.5 25.0 4.33025
-3.16225 25.0 3.873
-3.7425 25.0 3.3155
-4.226 25.0 2.67225
-4.6 25.0 1.959825
-4.85475 25.0 1.196575
-4.98375 25.0 0.402325
-4.98375 25.0 -0.402325
-4.85475 25.0 -1.196575
-4.6 25.0 -1.959825
-4.226 25.0 -2.67225
-3.7425 25.0 -3.3155
-3.16225 25.0 -3.873
-2.5 25.0 -4.33025
-2.5 24.21875 -4.33025
-2.5 23.4375 -4.33025
-2.5 22.65625 -4.33025
-2.5 21.875 -4.33025
-2.5 21.09375 -4.33025
-2.5 20.3125 -4.33025
-2.5 19.53125 -4.33025
-2.5 18.75 -4.33025
-2.5 17.96875 -4.33025
-2.5 17.1875 -4.33025
-2.5 16.40625 -4.33025
-2.5 15.625 -4.33025
-2.5 14.84375 -4.33025
-2.5 14.0625 -4.33025
-2.5 13.28125 -4.33025
-2.5 12.5 -4.33025
-3.16225 12.5 -3.873
-3.7425 12.5 -3.3155
-4.226 12.5 -2.67225
-4.6 12.5 -1.959825
-4.85475 12.5 -1.196575
-4.98375 12.5 -0.402325
-4.98375 12.5 0.402325
-4.85475 12.5 1.196575
-4.6 12.5 1.959825
-4.226 12.5 2.67225
-3.7425 12.5 3.3155
-3.16225 12.5 3.873
-2.5 12.5 4.33025
-2.5 13.28125 4.33025
-2.5 14.0625 4.33025
-2.5 14.84375 4.33025
-2.5 15.625 4.33025
-2.5 16.40625 4.33025
-2.5 17.1875 4.33025
-2.5 17.96875 4.33025
-2.5 18.75 4.33025
-2.5 19.53125 4.33025
-2.5 20.3125 4.33025
-2.5 21.09375 4.33025
-2.5 21.875 4.33025
-2.5 22.65625 4.33025
-2.5 23.4375 4.33025
-2.5 24.21875 4.33025
-3.16225 18.75 3.873
-3.7425 18.75 3.3155
-4.226 18.75 2.67225
-4.6 18.75 1.959825
-4.85475 18.75 1.196575
-4.98375 18.75 0.402325
-4.98375 18.75 -0.402325
-4.85475 18.75 -1.196575
-4.6 18.75 -1.959825
-4.226 18.75 -2.67225
-3.7425 18.75 -3.3155
-3.16225 18.75 -3.873
-3.16225 17.96875 3.873
-3.7425 17.96875 3.3155
-4.226 17.96875 2.67225
-4.6 17.96875 1.959825
-4.85475 17.96875 1.196575
-4.98375 17.96875 0.402325
-4.98375 17.96875 -0.402325
-4.85475 17.96875 -1.196575
-4.6 17.96875 -1.959825
-4.226 17.96875 -2.67225
-3.7425 17.96875 -3.3155
-3.16225 17.96875 -3.873
-3.16225 17.1875 3.873
-3.7425 17.1875 3.3155
-4.226 17.1875 2.67225
-4.6 17.1875 1.959825
-4.85475 17.1875 1.196575
-4.98375 17.1875 0.402325
-4.98375 17.1875 -0.402325
-4.85475 17.1875 -1.196575
-4.6 17.1875 -1.959825
-4.226 17.1875 -2.67225
-3.7425 17.1875 -3.3155
-3.16225 17.1875 -3.873
-3.16225 16.40625 3.873
-3.7425 16.40625 3.3155
-4.226 16.40625 2.67225
-4.6 16.40625 1.959825
-4.85475 16.40625 1.196575
-4.98375 16.40625 0.402325
-4.98375 16.40625 -0.402325
-4.85475 16.40625 -1.196575
-4.6 16.40625 -1.959825
-4.226 16.40625 -2.67225
-3.7425 16.40625 -3.3155
-3.16225 16.40625 -3.873
-3.16225 15.625 3.873
-3.7425 15.625 3.3155
-4.226 15.625 2.67225
-4.6 15.625 1.959825
-4.85475 15.625 1.196575
-4.98375 15.625 0.402325
-4.98375 15.625 -0.402325
-4.85475 15.625 -1.196575
-4.6 15.625 -1.959825
-4.226 15.625 -2.67225
-3.7425 15.625 -3.3155
-3.16225 15.625 -3.873
-3.16225 14.84375 3.873
-3.7425 14.84375 3.3155
-4.226 14.84375 2.67225
-4.6 14.84375 1.959825
-4.85475 14.84375 1.196575
-4.98375 14.84375 0.402325
-4.98375 14.84375 -0.402325
-4.85475 14.84375 -1.196575
-4.6 14.84375 -1.959825
-4.226 14.84375 -2.67225
-3.7425 14.84375 -3.3155
-3.16225 14.84375 -3.873
-3.16225 14.0625 3.873
-3.7425 14.0625 3.3155
-4.226 14.0625 2.67225
-4.6 14.0625 1.959825
-4.85475 14.0625 1.196575
-4.98375 14.0625 0.402325
-4.98375 14.0625 -0.402325
-4.85475 14.0625 -1.196575
-4.6 14.0625 -1.959825
-4.226 14.0625 -2.67225
-3.7425 14.0625 -3.3155
-3.16225 14.0625 -3.873
-3.16225 13.28125 3.873
-3.7425 13.28125 3.3155
-4.226 13.28125 2.67225
-4.6 13.28125 1.959825
-4.85475 13.28125 1.196575
-4.98375 13.28125 0.402325
-4.98375 13.28125 -0.402325
-4.85475 13.28125 -1.196575
-4.6 13.28125 -1.959825
-4.226 13.28125 -2.67225
-3.7425 13.28125 -3.3155
-3.16225 13.28125 -3.873
-3.16225 19.53125 3.873
-3.7425 19.53125 3.3155
-4.226 19.53125 2.67225
-4.6 19.53125 1.959825
-4.85475 19.53125 1.196575
-4.98375 19.53125 0.402325
-4.98375 19.53125 -0.402325
-4.85475 19.53125 -1.196575
-4.6 19.53125 -1.959825
-4.226 19.53125 -2.67225
-3.7425 19.53125 -3.3155
-3.16225 19.53125 -3.873
-3.16225 20.3125 3.873
-3.7425 20.3125 3.3155
-4.226 20.3125 2.67225
-4.6 20.3125 1.959825
-4.85475 20.3125 1.196575
-4.98375 20.3125 0.402325
-4.98375 20.3125 -0.402325
-4.85475 20.3125 -1.196575
-4.6 20.3125 -1.959825
-4.226 20.3125 -2.67225
-3.7425 20.3125 -3.3155
-3.16225 20.3125 -3.873
-3.16225 21.09375 3.873
-3.7425 21.09375 3.3155
-4.226 21.09375 2.67225
-4.6 21.09375 1.959825
-4.85475 21.09375 1.196575
-4.98375 21.09375 0.402325
-4.98375 21.09375 -0.402325
-4.85475 21.09375 -1.196575
-4.6 21.09375 -1.959825
-4.226 21.09375 -2.67225
-3.7425 21.09375 -3.3155
-3.16225 21.09375 -3.873
-3.16225 21.875 3.873
-3.7425 21.875 3.3155
-4.226 21.875 2.67225
-4.6 21.875 1.959825
-4.85475 21.875 1.196575
-4.98375 21.875 0.402325
-4.98375 21.875 -0.402325
-4.85475 21.875 -1.196575
-4.6 21.875 -1.959825
-4.226 21.875 -2.67225
-3.7425 21.875 -3.3155
-3.16225 21.875 -3.873
-3.16225 22.65625 3.873
-3.7425 22.65625 3.3155
-4.226 22.65625 2.67225
-4.6 22.65625 1.959825
-4.85475 22.65625 1.196575
-4.98375 22.65625 0.402325
-4.98375 22.65625 -0.402325
-4.85475 22.65625 -1.196575
-4.6 22.65625 -1.959825
-4.226 22.65625 -2.67225
-3.7425 22.65625 -3.3155
-3.16225 22.65625 -3.873
-3.16225 23.4375 3.873
-3.7425 23.4375 3.3155
-4.226 23.4375 2.67225
-4.6 23.4375 1.959825
-4.85475 23.4375 1.196575
-4.98375 23.4375 0.402325
-4.98375 23.4375 -0.402325
-4.85475 23.4375 -1.196575
-4.6 23.4375 -1.959825
-4.226 23.4375 -2.67225
-3.7425 23.4375 -3.3155
-3.16225 23.4375 -3.873
-3.16225 24.21875 3.873
-3.7425 24.21875 3.3155
-4.226 24.21875 2.67225
-4.6 24.21875 1.959825
-4.85475 24.21875 1.196575
-4.98375 24.21875 0.402325
-4.98375 24.21875 -0.402325
-4.85475 24.21875 -1.196575
-4.6 24.21875 -1.959825
-4.226 24.21875 -2.67225
-3.7425 24.21875 -3.3155
-3.16225 24.21875 -3.873
5.0 25.0 0.0
4.93525 25.0 0.80205
4.74275 25.0 1.58335
4.42725 25.0 2.323625
3.99725 25.0 3.00375
3.4635 25.0 3.606
2.84025 25.0 4.115
2.143475 25.0 4.51725
1.391075 25.0 4.8025
0.602675 25.0 4.9635
-0.20133 25.0 4.996
-1.000125 25.0 4.899
-1.773025 25.0 4.675
-1.773025 12.5 4.675
-1.000125 12.5 4.899
-0.20133 12.5 4.996
0.602675 12.5 4.9635
1.391075 12.5 4.8025
2.143475 12.5 4.51725
2.84025 12.5 4.115
3.4635 12.5 3.606
3.99725 12.5 3.00375
4.42725 12.5 2.323625
4.74275 12.5 1.58335
4.93525 12.5 0.80205
5.0 12.5 0.0
5.0 13.28125 0.0
5.0 14.0625 0.0
5.0 14.84375 0.0
5.0 15.625 0.0
5.0 16.40625 0.0
5.0 17.1875 0.0
5.0 17.96875 0.0
5.0 18.75 0.0
5.0 19.53125 0.0
5.0 20.3125 0.0
5.0 21.09375 0.0
5.0 21.875 0.0
5.0 22.65625 0.0
5.0 23.4375 0.0
5.0 24.21875 0.0
4.93525 18.75 0.80205
4.74275 18.75 1.58335
4.42725 18.75 2.323625
3.99725 18.75 3.00375
3.4635 18.75 3.606
2.84025 18.75 4.115
2.14345 18.75 4.51725
1.391075 18.75 4.8025
0.602675 18.75 4.9635
-0.20133 18.75 4.996
-1.000125 18.75 4.899
-1.773025 18.75 4.675
4.93525 17.96875 0.80205
4.74275 17.96875 1.58335
4.42725 17.96875 2.323625
3.99725 17.96875 3.00375
3.4635 17.96875 3.606
2.84025 17.96875 4.115
2.14345 17.96875 4.51725
1.391075 17.96875 4.8025
0.602675 17.96875 4.9635
-0.20133 17.96875 4.996
-1.000125 17.96875 4.899
-1.773025 17.96875 4.675
4.93525 17.1875 0.80205
4.74275 17.1875 1.58335
4.42725 17.1875 2.323625
3.99725 17.1875 3.00375
3.4635 17.1875 3.606
2.84025 17.1875 4.115
2.14345 17.1875 4.51725
1.391075 17.1875 4.8025
0.602675 17.1875 4.9635
-0.20133 17.1875 4.996
-1.000125 17.1875 4.899
-1.773025 17.1875 4.675
4.93525 16.40625 0.80205
4.74275 16.40625 1.58335
4.42725 16.40625 2.323625
3.99725 16.40625 3.00375
3.4635 16.40625 3.606
2.84025 16.40625 4.115
2.14345 16.40625 4.51725
1.391075 16.40625 4.8025
0.602675 16.40625 4.9635
-0.20133 16.40625 4.996
-1.000125 16.40625 4.899
-1.773025 16.40625 4.675
4.93525 15.625 0.80205
4.74275 15.625 1.58335
4.42725 15.625 2.323625
3.99725 15.625 3.00375
3.4635 15.625 3.606
2.84025 15.625 4.115
2.14345 15.625 4.51725
1.391075 15.625 4.8025
0.602675 15.625 4.9635
-0.20133 15.625 4.996
-1.000125 15.625 4.899
-1.773025 15.625 4.675
4.93525 14.84375 0.80205
4.74275 14.84375 1.58335
4.42725 14.84375 2.323625
3.99725 14.84375 3.00375
3.4635 14.84375 3.606
2.84025 14.84375 4.115
2.14345 14.84375 4.51725
1.391075 14.84375 4.8025
0.602675 14.84375 4.9635
-0.20133 14.84375 4.996
-1.000125 14.84375 4.899
-1.773025 14.84375 4.675
4.93525 14.0625 0.80205
4.74275 14.0625 1.58335
4.42725 14.0625 2.323625
3.99725 14.0625 3.00375
3.4635 14.0625 3.606
2.84025 14.0625 4.115
2.14345 14.0625 4.51725
1.391075 14.0625 4.8025
0.602675 14.0625 4.9635
-0.20133 14.0625 4.996
-1.000125 14.0625 4.899
-1.773025 14.0625 4.675
4.93525 13.28125 0.80205
4.74275 13.28125 1.58335
4.42725 13.28125 2.323625
3.99725 13.28125 3.00375
3.4635 13.28125 3.606
2.84025 13.28125 4.115
2.14345 13.28125 4.51725
1.391075 13.28125 4.8025
0.602675 13.28125 4.9635
-0.20133 13.28125 4.996
-1.000125 13.28125 4.899
-1.773025 13.28125 4.675
4.93525 19.53125 0.80205
4.74275 19.53125 1.58335
4.42725 19.53125 2.323625
3.99725 19.53125 3.00375
3.4635 19.53125 3.606
2.84025 19.53125 4.115
2.14345 19.53125 4.51725
1.391075 19.53125 4.8025
0.602675 19.53125 4.9635
-0.20133 19.53125 4.996
-1.000125 19.53125 4.899
-1.773025 19.53125 4.675
4.93525 20.3125 0.80205
4.74275 20.3125 1.58335
4.42725 20.3125 2.323625
3.99725 20.3125 3.00375
3.4635 20.3125 3.606
2.84025 20.3125 4.115
2.14345 20.3125 4.51725
1.391075 20.3125 4.8025
0.602675 20.3125 4.9635
-0.20133 20.3125 4.996
-1.000125 20.3125 4.899
-1.773025 20.3125 4.675
4.93525 21.09375 0.80205
4.74275 21.09375 1.58335
4.42725 21.09375 2.323625
3.99725 21.09375 3.00375
3.4635 21.09375 3.606
2.84025 21.09375 4.115
2.14345 21.09375 4.51725
1.391075 21.09375 4.8025
0.602675 21.09375 4.9635
-0.20133 21.09375 4.996
-1.000125 21.09375 4.899
-1.773025 21.09375 4.675
4.93525 21.875 0.80205
4.74275 21.875 1.58335
4.42725 21.875 2.323625
3.99725 21.875 3.00375
3.4635 21.875 3.606
2.84025 21.875 4.115
2.14345 21.875 4.51725
1.391075 21.875 4.8025
0.602675 21.875 4.9635
-0.20133 21.875 4.996
-1.000125 21.875 4.899
-1.773025 21.875 4.675
4.93525 22.65625 0.80205
4.74275 22.65625 1.58335
4.42725 22.65625 2.323625
3.99725 22.65625 3.00375
3.4635 22.65625 3.606
2.84025 22.65625 4.115
2.14345 22.65625 4.51725
1.391075 22.65625 4.8025
0.602675 22.65625 4.9635
-0.20133 22.65625 4.996
-1.000125 22.65625 4.899
-1.773025 22.65625 4.675
4.93525 23.4375 0.80205
4.74275 23.4375 1.58335
4.42725 23.4375 2.323625
3.99725 23.4375 3.00375
3.4635 23.4375 3.606
2.84025 23.4375 4.115
2.14345 23.4375 4.51725
1.391075 23.4375 4.8025
0.602675 23.4375 4.9635
-0.20133 23.4375 4.996
-1.000125 23.4375 4.899
-1.773025 23.4375 4.675
4.93525 24.21875 0.80205
4.74275 24.21875 1.58335
4.42725 24.21875 2.323625
3.99725 24.21875 3.00375
3.4635 24.21875 3.606
2.84025 24.21875 4.115
2.14345 24.21875 4.51725
1.391075 24.21875 4.8025
0.602675 24.21875 4.9635
-0.20133 24.21875 4.996
-1.000125 24.21875 4.899
-1.773025 24.21875 4.675
-1.25 37.5 2.165075
-1.832625 37.5 1.700425
-2.252425 37.5 1.0847
-2.472075 37.5 0.3726
-2.472075 37.5 -0.3726
-2.252425 37.5 -1.0847
-1.832625 37.5 -1.700425
-1.25 37.5 -2.165075
-1.25 25.0 -2.165075
-1.832625 25.0 -1.700425
-2.252425 25.0 -1.0847
-2.472075 25.0 -0.3726
-2.472075 25.0 0.3726
-2.252425 25.0 1.0847
-1.832625 25.0 1.700425
-1.25 25.0 2.165075
2.5 37.5 0.0
2.388925 37.5 0.7369
2.0656 37.5 1.4083
1.558725 37.5 1.954575
0.91335 37.5 2.327175
0.186825 37.5 2.493
-0.5563 37.5 2.437325
-0.5563 25.0 2.437325
0.186825 25.0 2.493
0.91335 25.0 2.327175
1.558725 25.0 1.954575
2.0656 25.0 1.4083
2.388925 25.0 0.7369
2.5 25.0 0.0
2.388925 37.5 -0.7369
2.0656 37.5 -1.4083
1.558725 37.5 -1.954575
0.91335 37.5 -2.327175
0.186825 37.5 -2.493
-0.5563 37.5 -2.437325
2.388925 25.0 -0.7369
2.0656 25.0 -1.4083
1.558725 25.0 -1.954575
0.91335 25.0 -2.327175
0.186825 25.0 -2.493
-0.5563 25.0 -2.437325
4.93525 25.0 -0.80205
4.74275 25.0 -1.58335
4.42725 25.0 -2.323625
3.99725 25.0 -3.00375
3.4635 25.0 -3.606
2.84025 25.0 -4.115
2.143475 25.0 -4.51725
1.391075 25.0 -4.8025
0.602675 25.0 -4.9635
-0.20133 25.0 -4.996
-1.000125 25.0 -4.899
-1.773025 25.0 -4.675
4.93525 12.5 -0.80205
4.74275 12.5 -1.58335
4.42725 12.5 -2.323625
3.99725 12.5 -3.00375
3.4635 12.5 -3.606
2.84025 12.5 -4.115
2.143475 12.5 -4.51725
1.391075 12.5 -4.8025
0.602675 12.5 -4.9635
-0.20133 12.5 -4.996
-1.000125 12.5 -4.899
-1.773025 12.5 -4.675
-1.773025 18.75 -4.675
-1.000125 18.75 -4.899
-0.2013275 18.75 -4.996
0.602675 18.75 -4.9635
1.3911 18.75 -4.8025
2.143475 18.75 -4.51725
2.84025 18.75 -4.115
3.4635 18.75 -3.606
3.99725 18.75 -3.00375
4.42725 18.75 -2.323625
4.74275 18.75 -1.58335
4.93525 18.75 -0.80205
-1.773025 17.96875 -4.675
-1.000125 17.96875 -4.899
-0.2013275 17.96875 -4.996
0.602675 17.96875 -4.9635
1.3911 17.96875 -4.8025
2.143475 17.96875 -4.51725
2.84025 17.96875 -4.115
3.4635 17.96875 -3.606
3.99725 17.96875 -3.00375
4.42725 17.96875 -2.323625
4.74275 17.96875 -1.58335
4.93525 17.96875 -0.80205
-1.773025 17.1875 -4.675
-1.000125 17.1875 -4.899
-0.2013275 17.1875 -4.996
0.602675 17.1875 -4.9635
1.3911 17.1875 -4.8025
2.143475 17.1875 -4.51725
2.84025 17.1875 -4.115
3.4635 17.1875 -3.606
3.99725 17.1875 -3.00375
4.42725 17.1875 -2.323625
4.74275 17.1875 -1.58335
4.93525 17.1875 -0.80205
-1.773025 16.40625 -4.675
-1.000125 16.40625 -4.899
-0.2013275 16.40625 -4.996
0.602675 16.40625 -4.9635
1.3911 16.40625 -4.8025
2.143475 16.40625 -4.51725
2.84025 16.40625 -4.115
3.4635 16.40625 -3.606
3.99725 16.40625 -3.00375
4.42725 16.40625 -2.323625
4.74275 16.40625 -1.58335
4.93525 16.40625 -0.80205
-1.773025 15.625 -4.675
-1.000125 15.625 -4.899
-0.2013275 15.625 -4.996
0.602675 15.625 -4.9635
1.3911 15.625 -4.8025
2.143475 15.625 -4.51725
2.84025 15.625 -4.115
3.4635 15.625 -3.606
3.99725 15.625 -3.00375
4.42725 15.625 -2.323625
4.74275 15.625 -1.58335
4.93525 15.625 -0.80205
-1.773025 14.84375 -4.675
-1.000125 14.84375 -4.899
-0.2013275 14.84375 -4.996
0.602675 14.84375 -4.9635
1.3911 14.84375 -4.8025
2.143475 14.84375 -4.51725
2.84025 14.84375 -4.115
3.4635 14.84375 -3.606
3.99725 14.84375 -3.00375
4.42725 14.84375 -2.323625
4.74275 14.84375 -1.58335
4.93525 14.84375 -0.80205
-1.773025 14.0625 -4.675
-1.000125 14.0625 -4.899
-0.2013275 14.0625 -4.996
0.602675 14.0625 -4.9635
1.3911 14.0625 -4.8025
2.143475 14.0625 -4.51725
2.84025 14.0625 -4.115
3.4635 14.0625 -3.606
3.99725 14.0625 -3.00375
4.42725 14.0625 -2.323625
4.74275 14.0625 -1.58335
4.93525 14.0625 -0.80205
-1.773025 13.28125 -4.675
-1.000125 13.28125 -4.899
-0.2013275 13.28125 -4.996
0.602675 13.28125 -4.9635
1.3911 13.28125 -4.8025
2.143475 13.28125 -4.51725
2.84025 13.28125 -4.115
3.4635 13.28125 -3.606
3.99725 13.28125 -3.00375
4.42725 13.28125 -2.323625
4.74275 13.28125 -1.58335
4.93525 13.28125 -0.80205
-1.773025 19.53125 -4.675
-1.000125 19.53125 -4.899
-0.2013275 19.53125 -4.996
0.602675 19.53125 -4.9635
1.3911 19.53125 -4.8025
2.143475 19.53125 -4.51725
2.84025 19.53125 -4.115
3.4635 19.53125 -3.606
3.99725 19.53125 -3.00375
4.42725 19.53125 -2.323625
4.74275 19.53125 -1.58335
4.93525 19.53125 -0.80205
-1.773025 20.3125 -4.675
-1.000125 20.3125 -4.899
-0.2013275 20.3125 -4.996
0.602675 20.3125 -4.9635
1.3911 20.3125 -4.8025
2.143475 20.3125 -4.51725
2.84025 20.3125 -4.115
3.4635 20.3125 -3.606
3.99725 20.3125 -3.00375
4.42725 20.3125 -2.323625
4.74275 20.3125 -1.58335
4.93525 20.3125 -0.80205
-1.773025 21.09375 -4.675
-1.000125 21.09375 -4.899
-0.2013275 21.09375 -4.996
0.602675 21.09375 -4.9635
1.3911 21.09375 -4.8025
2.143475 21.09375 -4.51725
2.84025 21.09375 -4.115
3.4635 21.09375 -3.606
3.99725 21.09375 -3.00375
4.42725 21.09375 -2.323625
4.74275 21.09375 -1.58335
4.93525 21.09375 -0.80205
-1.773025 21.875 -4.675
-1.000125 21.875 -4.899
-0.2013275 21.875 -4.996
0.602675 21.875 -4.9635
1.3911 21.875 -4.8025
2.143475 21.875 -4.51725
2.84025 21.875 -4.115
3.4635 21.875 -3.606
3.99725 21.875 -3.00375
4.42725 21.875 -2.323625
4.74275 21.875 -1.58335
4.93525 21.875 -0.80205
-1.773025 22.65625 -4.675
-1.000125 22.65625 -4.899
-0.2013275 22.65625 -4.996
0.602675 22.65625 -4.9635
1.3911 22.65625 -4.8025
2.143475 22.65625 -4.51725
2.84025 22.65625 -4.115
3.4635 22.65625 -3.606
3.99725 22.65625 -3.00375
4.42725 22.65625 -2.323625
4.74275 22.65625 -1.58335
4.93525 22.65625 -0.80205
-1.773025 23.4375 -4.675
-1.000125 23.4375 -4.899
-0.2013275 23.4375 -4.996
0.602675 23.4375 -4.9635
1.3911 23.4375 -4.8025
2.143475 23.4375 -4.51725
2.84025 23.4375 -4.115
3.4635 23.4375 -3.606
3.99725 23.4375 -3.00375
4.42725 23.4375 -2.323625
4.74275 23.4375 -1.58335
4.93525 23.4375 -0.80205
-1.773025 24.21875 -4.675
-1.000125 24.21875 -4.899
-0.2013275 24.21875 -4.996
0.602675 24.21875 -4.9635
1.3911 24.21875 -4.8025
2.143475 24.21875 -4.51725
2.84025 24.21875 -4.115
3.4635 24.21875 -3.606
3.99725 24.21875 -3.00375
4.42725 24.21875 -2.323625
4.74275 24.21875 -1.58335
4.93525 24.21875 -0.80205
7.459 12.5 -0.783975
7.336 12.5 -1.55935
7.133 12.5 -2.317625
6.8515 12.5 -3.0505
6.49525 12.5 -3.75
6.06775 12.5 -4.4085
5.5735 12.5 -5.0185
5.0185 12.5 -5.5735
4.4085 12.5 -6.06775
3.75 12.5 -6.49525
3.0505 12.5 -6.8515
2.317625 12.5 -7.133
1.55935 12.5 -7.336
0.783975 12.5 -7.459
-4.1095e-15 12.5 -7.5
-0.783975 12.5 -7.459
-1.55935 12.5 -7.336
-2.317625 12.5 -7.133
-3.0505 12.5 -6.8515
7.459 2.93175e-15 -0.783975
7.336 2.905e-15 -1.55935
7.133 2.8605e-15 -2.317625
6.8515 2.799e-15 -3.0505
6.49525 2.72125e-15 -3.75
6.06775 2.62775e-15 -4.4085
5.5735 2.51975e-15 -5.0185
5.0185 2.398425e-15 -5.5735
4.4085 2.2651e-15 -6.06775
3.75 2.1212e-15 -6.49525
3.0505 1.96835e-15 -6.8515
2.317625 1.808175e-15 -7.133
1.55935 1.64245e-15 -7.336
0.783975 1.473e-15 -7.459
-8.039e-15 1.30165e-15 -7.5
-0.783975 1.130325e-15 -7.459
-1.55935 9.60875e-16 -7.336
-2.317625 7.9515e-16 -7.133
-3.0505 6.34975e-16 -6.8515
-2.68775 6.34225e-17 -7.00175
-1.94115 8.77425e-16 -7.2445
-1.17325 3.94425e-16 -7.40775
-0.392525 1.215875e-15 -7.48975
0.392525 1.38745e-15 -7.48975
1.17325 9.0725e-16 -7.40775
1.94115 1.725875e-15 -7.2445
2.68775 1.238225e-15 -7.00175
3.405 2.0458e-15 -6.6825
4.08475 2.194375e-15 -6.29
4.72 1.68235e-15 -5.8285
5.30325 1.80985e-15 -5.30325
5.8285 1.92465e-15 -4.72
6.29 2.67625e-15 -4.08475
6.6825 2.762e-15 -3.405
7.00175 2.832e-15 -2.68775
7.2445 2.234075e-15 -1.94115
7.40775 2.9205e-15 -1.17325
-2.68775 12.5 -7.00175
-1.94115 12.5 -7.2445
-1.17325 12.5 -7.40775
-0.392525 12.5 -7.48975
0.392525 12.5 -7.48975
1.17325 12.5 -7.40775
1.94115 12.5 -7.2445
2.68775 12.5 -7.00175
3.405 12.5 -6.6825
4.08475 12.5 -6.29
4.72 12.5 -5.8285
5.30325 12.5 -5.30325
5.8285 12.5 -4.72
6.29 12.5 -4.08475
6.6825 12.5 -3.405
7.00175 12.5 -2.68775
7.2445 12.5 -1.94115
7.40775 12.5 -1.17325
4.85475 24.21875 -1.196575
4.6 24.21875 -1.959825
4.226 24.21875 -2.67225
3.7425 24.21875 -3.3155
3.16225 24.21875 -3.873
2.5 24.21875 -4.33025
1.773025 24.21875 -4.675
1.000125 24.21875 -4.899
0.20133 24.21875 -4.996
-0.602675 24.21875 -4.9635
-1.391075 24.21875 -4.8025
4.93525 23.82825 -0.80205
4.85475 23.82825 -1.196575
4.74275 23.82825 -1.58335
4.6 23.82825 -1.959825
4.85475 23.4375 -1.196575
4.42725 23.82825 -2.323625
4.226 23.82825 -2.67225
4.6 23.4375 -1.959825
3.99725 23.82825 -3.00375
3.7425 23.82825 -3.3155
4.226 23.4375 -2.67225
3.4635 23.82825 -3.606
3.16225 23.82825 -3.873
3.7425 23.4375 -3.3155
2.84025 23.82825 -4.115
2.5 23.82825 -4.33025
3.16225 23.4375 -3.873
2.143475 23.82825 -4.51725
1.773025 23.82825 -4.675
2.5 23.4375 -4.33025
1.3911 23.82825 -4.8025
1.000125 23.82825 -4.899
1.773025 23.4375 -4.675
0.602675 23.82825 -4.9635
0.20133 23.82825 -4.996
1.000125 23.4375 -4.899
-0.2013275 23.82825 -4.996
-0.602675 23.82825 -4.9635
0.20133 23.4375 -4.996
-1.000125 23.82825 -4.899
-1.391075 23.82825 -4.8025
-0.602675 23.4375 -4.9635
-1.773025 23.82825 -4.675
-1.391075 23.4375 -4.8025
4.93525 23.047 -0.80205
4.85475 23.047 -1.196575
4.74275 23.047 -1.58335
4.6 23.047 -1.959825
4.85475 22.65625 -1.196575
4.42725 23.047 -2.323625
4.226 23.047 -2.67225
4.6 22.65625 -1.959825
3.99725 23.047 -3.00375
3.7425 23.047 -3.3155
4.226 22.65625 -2.67225
3.4635 23.047 -3.606
3.16225 23.047 -3.873
3.7425 22.65625 -3.3155
2.84025 23.047 -4.115
2.5 23.047 -4.33025
3.16225 22.65625 -3.873
2.143475 23.047 -4.51725
1.773025 23.047 -4.675
2.5 22.65625 -4.33025
1.3911 23.047 -4.8025
1.000125 23.047 -4.899
1.773025 22.65625 -4.675
0.602675 23.047 -4.9635
0.20133 23.047 -4.996
1.000125 22.65625 -4.899
-0.2013275 23.047 -4.996
-0.602675 23.047 -4.9635
0.20133 22.65625 -4.996
-1.000125 23.047 -4.899
-1.391075 23.047 -4.8025
-0.602675 22.65625 -4.9635
-1.773025 23.047 -4.675
-1.391075 22.65625 -4.8025
4.93525 22.26575 -0.80205
4.85475 22.26575 -1.196575
4.74275 22.26575 -1.58335
4.6 22.26575 -1.959825
4.85475 21.875 -1.196575
4.42725 22.26575 -2.323625
4.226 22.26575 -2.67225
4.6 21.875 -1.959825
3.99725 22.26575 -3.00375
3.7425 22.26575 -3.3155
4.226 21.875 -2.67225
3.4635 22.26575 -3.606
3.16225 22.26575 -3.873
3.7425 21.875 -3.3155
2.84025 22.26575 -4.115
2.5 22.26575 -4.33025
3.16225 21.875 -3.873
2.143475 22.26575 -4.51725
1.773025 22.26575 -4.675
2.5 21.875 -4.33025
1.3911 22.26575 -4.8025
1.000125 22.26575 -4.899
1.773025 21.875 -4.675
0.602675 22.26575 -4.9635
0.20133 22.26575 -4.996
1.000125 21.875 -4.899
-0.2013275 22.26575 -4.996
-0.602675 22.26575 -4.9635
0.20133 21.875 -4.996
-1.000125 22.26575 -4.899
-1.391075 22.26575 -4.8025
-0.602675 21.875 -4.9635
-1.773025 22.26575 -4.675
-1.391075 21.875 -4.8025
4.93525 21.4845 -0.80205
4.85475 21.4845 -1.196575
4.74275 21.4845 -1.58335
4.6 21.4845 -1.959825
4.85475 21.09375 -1.196575
4.42725 21.4845 -2.323625
4.226 21.4845 -2.67225
4.6 21.09375 -1.959825
3.99725 21.4845 -3.00375
3.7425 21.4845 -3.3155
4.226 21.09375 -2.67225
3.4635 21.4845 -3.606
3.16225 21.4845 -3.873
3.7425 21.09375 -3.3155
2.84025 21.4845 -4.115
2.5 21.4845 -4.33025
3.16225 21.09375 -3.873
2.143475 21.4845 -4.51725
1.773025 21.4845 -4.675
2.5 21.09375 -4.33025
1.3911 21.4845 -4.8025
1.000125 21.4845 -4.899
1.773025 21.09375 -4.675
0.602675 21.4845 -4.9635
0.20133 21.4845 -4.996
1.000125 21.09375 -4.899
-0.2013275 21.4845 -4.996
-0.602675 21.4845 -4.9635
0.20133 21.09375 -4.996
-1.000125 21.4845 -4.899
-1.391075 21.4845 -4.8025
-0.602675 21.09375 -4.9635
-1.773025 21.4845 -4.675
-1.391075 21.09375 -4.8025
4.93525 20.70325 -0.80205
4.85475 20.70325 -1.196575
4.74275 20.70325 -1.58335
4.6 20.70325 -1.959825
4.85475 20.3125 -1.196575
4.42725 20.70325 -2.323625
4.226 20.70325 -2.67225
4.6 20.3125 -1.959825
3.99725 20.70325 -3.00375
3.7425 20.70325 -3.3155
4.226 20.3125 -2.67225
3.4635 20.70325 -3.606
3.16225 20.70325 -3.873
3.7425 20.3125 -3.3155
2.84025 20.70325 -4.115
2.5 20.70325 -4.33025
3.16225 20.3125 -3.873
2.143475 20.70325 -4.51725
1.773025 20.70325 -4.675
2.5 20.3125 -4.33025
1.3911 20.70325 -4.8025
1.000125 20.70325 -4.899
1.773025 20.3125 -4.675
0.602675 20.70325 -4.9635
0.20133 20.70325 -4.996
1.000125 20.3125 -4.899
-0.2013275 20.70325 -4.996
-0.602675 20.70325 -4.9635
0.20133 20.3125 -4.996
-1.000125 20.70325 -4.899
-1.391075 20.70325 -4.8025
-0.602675 20.3125 -4.9635
-1.773025 20.70325 -4.675
-1.391075 20.3125 -4.8025
4.93525 19.922 -0.80205
4.85475 19.922 -1.196575
4.74275 19.922 -1.58335
4.6 19.922 -1.959825
4.85475 19.53125 -1.196575
4.42725 19.922 -2.323625
4.226 19.922 -2.67225
4.6 19.53125 -1.959825
3.99725 19.922 -3.00375
3.7425 19.922 -3.3155
4.226 19.53125 -2.67225
3.4635 19.922 -3.606
3.16225 19.922 -3.873
3.7425 19.53125 -3.3155
2.84025 19.922 -4.115
2.5 19.922 -4.33025
3.16225 19.53125 -3.873
2.143475 19.922 -4.51725
1.773025 19.922 -4.675
2.5 19.53125 -4.33025
1.3911 19.922 -4.8025
1.000125 19.922 -4.899
1.773025 19.53125 -4.675
0.602675 19.922 -4.9635
0.20133 19.922 -4.996
1.000125 19.53125 -4.899
-0.2013275 19.922 -4.996
-0.602675 19.922 -4.9635
0.20133 19.53125 -4.996
-1.000125 19.922 -4.899
-1.391075 19.922 -4.8025
-0.602675 19.53125 -4.9635
-1.773025 19.922 -4.675
-1.391075 19.53125 -4.8025
4.85475 13.28125 -1.196575
4.6 13.28125 -1.959825
4.226 13.28125 -2.67225
3.7425 13.28125 -3.3155
3.16225 13.28125 -3.873
2.5 13.28125 -4.33025
1.773025 13.28125 -4.675
1.000125 13.28125 -4.899
0.20133 13.28125 -4.996
-0.602675 13.28125 -4.9635
-1.391075 13.28125 -4.8025
4.93525 13.67175 -0.80205
4.85475 13.67175 -1.196575
4.74275 13.67175 -1.58335
4.85475 14.0625 -1.196575
4.6 13.67175 -1.959825
4.42725 13.67175 -2.323625
4.6 14.0625 -1.959825
4.226 13.67175 -2.67225
3.99725 13.67175 -3.00375
4.226 14.0625 -2.67225
3.7425 13.67175 -3.3155
3.4635 13.67175 -3.606
3.7425 14.0625 -3.3155
3.16225 13.67175 -3.873
2.84025 13.67175 -4.115
3.16225 14.0625 -3.873
2.5 13.67175 -4.33025
2.143475 13.67175 -4.51725
2.5 14.0625 -4.33025
1.773025 13.67175 -4.675
1.3911 13.67175 -4.8025
1.773025 14.0625 -4.675
1.000125 13.67175 -4.899
0.602675 13.67175 -4.9635
1.000125 14.0625 -4.899
0.20133 13.67175 -4.996
-0.2013275 13.67175 -4.996
0.20133 14.0625 -4.996
-0.602675 13.67175 -4.9635
-1.000125 13.67175 -4.899
-0.602675 14.0625 -4.9635
-1.391075 13.67175 -4.8025
-1.773025 13.67175 -4.675
-1.391075 14.0625 -4.8025
4.93525 14.45325 -0.80205
4.85475 14.45325 -1.196575
4.74275 14.45325 -1.58335
4.85475 14.84375 -1.196575
4.6 14.45325 -1.959825
4.42725 14.45325 -2.323625
4.6 14.84375 -1.959825
4.226 14.45325 -2.67225
3.99725 14.45325 -3.00375
4.226 14.84375 -2.67225
3.7425 14.45325 -3.3155
3.4635 14.45325 -3.606
3.7425 14.84375 -3.3155
3.16225 14.45325 -3.873
2.84025 14.45325 -4.115
3.16225 14.84375 -3.873
2.5 14.45325 -4.33025
2.143475 14.45325 -4.51725
2.5 14.84375 -4.33025
1.773025 14.45325 -4.675
1.3911 14.45325 -4.8025
1.773025 14.84375 -4.675
1.000125 14.45325 -4.899
0.602675 14.45325 -4.9635
1.000125 14.84375 -4.899
0.20133 14.45325 -4.996
-0.2013275 14.45325 -4.996
0.20133 14.84375 -4.996
-0.602675 14.45325 -4.9635
-1.000125 14.45325 -4.899
-0.602675 14.84375 -4.9635
-1.391075 14.45325 -4.8025
-1.773025 14.45325 -4.675
-1.391075 14.84375 -4.8025
4.93525 15.2345 -0.80205
4.85475 15.2345 -1.196575
4.74275 15.2345 -1.58335
4.85475 15.625 -1.196575
4.6 15.2345 -1.959825
4.42725 15.2345 -2.323625
4.6 15.625 -1.959825
4.226 15.2345 -2.67225
3.99725 15.2345 -3.00375
4.226 15.625 -2.67225
3.7425 15.2345 -3.3155
3.4635 15.2345 -3.606
3.7425 15.625 -3.3155
3.16225 15.2345 -3.873
2.84025 15.2345 -4.115
3.16225 15.625 -3.873
2.5 15.2345 -4.33025
2.143475 15.2345 -4.51725
2.5 15.625 -4.33025
1.773025 15.2345 -4.675
1.3911 15.2345 -4.8025
1.773025 15.625 -4.675
1.000125 15.2345 -4.899
0.602675 15.2345 -4.9635
1.000125 15.625 -4.899
0.20133 15.2345 -4.996
-0.2013275 15.2345 -4.996
0.20133 15.625 -4.996
-0.602675 15.2345 -4.9635
-1.000125 15.2345 -4.899
-0.602675 15.625 -4.9635
-1.391075 15.2345 -4.8025
-1.773025 15.2345 -4.675
-1.391075 15.625 -4.8025
4.93525 16.01575 -0.80205
4.85475 16.01575 -1.196575
4.74275 16.01575 -1.58335
4.85475 16.40625 -1.196575
4.6 16.01575 -1.959825
4.42725 16.01575 -2.323625
4.6 16.40625 -1.959825
4.226 16.01575 -2.67225
3.99725 16.01575 -3.00375
4.226 16.40625 -2.67225
3.7425 16.01575 -3.3155
3.4635 16.01575 -3.606
3.7425 16.40625 -3.3155
3.16225 16.01575 -3.873
2.84025 16.01575 -4.115
3.16225 16.40625 -3.873
2.5 16.01575 -4.33025
2.143475 16.01575 -4.51725
2.5 16.40625 -4.33025
1.773025 16.01575 -4.675
1.3911 16.01575 -4.8025
1.773025 16.40625 -4.675
1.000125 16.01575 -4.899
0.602675 16.01575 -4.9635
1.000125 16.40625 -4.899
0.20133 16.01575 -4.996
-0.2013275 16.01575 -4.996
0.20133 16.40625 -4.996
-0.602675 16.01575 -4.9635
-1.000125 16.01575 -4.899
-0.602675 16.40625 -4.9635
-1.391075 16.01575 -4.8025
-1.773025 16.01575 -4.675
-1.391075 16.40625 -4.8025
4.93525 16.797 -0.80205
4.85475 16.797 -1.196575
4.74275 16.797 -1.58335
4.85475 17.1875 -1.196575
4.6 16.797 -1.959825
4.42725 16.797 -2.323625
4.6 17.1875 -1.959825
4.226 16.797 -2.67225
3.99725 16.797 -3.00375
4.226 17.1875 -2.67225
3.7425 16.797 -3.3155
3.4635 16.797 -3.606
3.7425 17.1875 -3.3155
3.16225 16.797 -3.873
2.84025 16.797 -4.115
3.16225 17.1875 -3.873
2.5 16.797 -4.33025
2.143475 16.797 -4.51725
2.5 17.1875 -4.33025
1.773025 16.797 -4.675
1.3911 16.797 -4.8025
1.773025 17.1875 -4.675
1.000125 16.797 -4.899
0.602675 16.797 -4.9635
1.000125 17.1875 -4.899
0.20133 16.797 -4.996
-0.2013275 16.797 -4.996
0.20133 17.1875 -4.996
-0.602675 16.797 -4.9635
-1.000125 16.797 -4.899
-0.602675 17.1875 -4.9635
-1.391075 16.797 -4.8025
-1.773025 16.797 -4.675
-1.391075 17.1875 -4.8025
4.93525 17.57825 -0.80205
4.85475 17.57825 -1.196575
4.74275 17.57825 -1.58335
4.85475 17.96875 -1.196575
4.6 17.57825 -1.959825
4.42725 17.57825 -2.323625
4.6 17.96875 -1.959825
4.226 17.57825 -2.67225
3.99725 17.57825 -3.00375
4.226 17.96875 -2.67225
3.7425 17.57825 -3.3155
3.4635 17.57825 -3.606
3.7425 17.96875 -3.3155
3.16225 17.57825 -3.873
2.84025 17.57825 -4.115
3.16225 17.96875 -3.873
2.5 17.57825 -4.33025
2.143475 17.57825 -4.51725
2.5 17.96875 -4.33025
1.773025 17.57825 -4.675
1.3911 17.57825 -4.8025
1.773025 17.96875 -4.675
1.000125 17.57825 -4.899
0.602675 17.57825 -4.9635
1.000125 17.96875 -4.899
0.20133 17.57825 -4.996
-0.2013275 17.57825 -4.996
0.20133 17.96875 -4.996
-0.602675 17.57825 -4.9635
-1.000125 17.57825 -4.899
-0.602675 17.96875 -4.9635
-1.391075 17.57825 -4.8025
-1.773025 17.57825 -4.675
-1.391075 17.96875 -4.8025
4.93525 19.14075 -0.80205
4.85475 19.14075 -1.196575
4.93525 18.3595 -0.80205
4.74275 19.14075 -1.58335
4.6 19.14075 -1.959825
4.85475 18.3595 -1.196575
4.74275 18.3595 -1.58335
4.85475 18.75 -1.196575
4.42725 19.14075 -2.323625
4.226 19.14075 -2.67225
4.6 18.3595 -1.959825
4.42725 18.3595 -2.323625
4.6 18.75 -1.959825
3.99725 19.14075 -3.00375
3.7425 19.14075 -3.3155
4.226 18.3595 -2.67225
3.99725 18.3595 -3.00375
4.226 18.75 -2.67225
3.4635 19.14075 -3.606
3.16225 19.14075 -3.873
3.7425 18.3595 -3.3155
3.4635 18.3595 -3.606
3.7425 18.75 -3.3155
2.84025 19.14075 -4.115
2.5 19.14075 -4.33025
3.16225 18.3595 -3.873
2.84025 18.3595 -4.115
3.16225 18.75 -3.873
2.143475 19.14075 -4.51725
1.773025 19.14075 -4.675
2.5 18.3595 -4.33025
2.143475 18.3595 -4.51725
2.5 18.75 -4.33025
1.3911 19.14075 -4.8025
1.000125 19.14075 -4.899
1.773025 18.3595 -4.675
1.3911 18.3595 -4.8025
1.773025 18.75 -4.675
0.602675 19.14075 -4.9635
0.20133 19.14075 -4.996
1.000125 18.3595 -4.899
0.602675 18.3595 -4.9635
1.000125 18.75 -4.899
-0.2013275 19.14075 -4.996
-0.602675 19.14075 -4.9635
0.20133 18.3595 -4.996
-0.2013275 18.3595 -4.996
0.20133 18.75 -4.996
-1.000125 19.14075 -4.899
-1.391075 19.14075 -4.8025
-0.602675 18.3595 -4.9635
-1.000125 18.3595 -4.899
-0.602675 18.75 -4.9635
-1.773025 19.14075 -4.675
-1.391075 18.3595 -4.8025
-1.773025 18.3595 -4.675
-1.391075 18.75 -4.8025
-1.773025 12.89075 -4.675
-1.000125 12.89075 -4.899
-1.391075 12.89075 -4.8025
-1.391075 12.5 -4.8025
-0.2013275 12.89075 -4.996
-0.602675 12.89075 -4.9635
-0.602675 12.5 -4.9635
0.602675 12.89075 -4.9635
0.20133 12.89075 -4.996
0.20133 12.5 -4.996
1.391075 12.89075 -4.8025
1.000125 12.89075 -4.899
1.000125 12.5 -4.899
2.143475 12.89075 -4.51725
1.773025 12.89075 -4.675
1.773025 12.5 -4.675
2.84025 12.89075 -4.115
2.5 12.89075 -4.33025
2.5 12.5 -4.33025
3.4635 12.89075 -3.606
3.16225 12.89075 -3.873
3.16225 12.5 -3.873
3.99725 12.89075 -3.00375
3.7425 12.89075 -3.3155
3.7425 12.5 -3.3155
4.42725 12.89075 -2.323625
4.226 12.89075 -2.67225
4.226 12.5 -2.67225
4.74275 12.89075 -1.58335
4.6 12.89075 -1.959825
4.6 12.5 -1.959825
4.93525 12.89075 -0.80205
4.85475 12.89075 -1.196575
4.85475 12.5 -1.196575
-1.773025 24.6095 -4.675
-1.000125 24.6095 -4.899
-1.391075 24.6095 -4.8025
-1.391075 25.0 -4.8025
-0.2013275 24.6095 -4.996
-0.602675 24.6095 -4.9635
-0.602675 25.0 -4.9635
0.602675 24.6095 -4.9635
0.20133 24.6095 -4.996
0.20133 25.0 -4.996
1.391075 24.6095 -4.8025
1.000125 24.6095 -4.899
1.000125 25.0 -4.899
2.143475 24.6095 -4.51725
1.773025 24.6095 -4.675
1.773025 25.0 -4.675
2.84025 24.6095 -4.115
2.5 24.6095 -4.33025
2.5 25.0 -4.33025
3.4635 24.6095 -3.606
3.16225 24.6095 -3.873
3.16225 25.0 -3.873
3.99725 24.6095 -3.00375
3.7425 24.6095 -3.3155
3.7425 25.0 -3.3155
4.42725 24.6095 -2.323625
4.226 24.6095 -2.67225
4.226 25.0 -2.67225
4.74275 24.6095 -1.58335
4.6 24.6095 -1.959825
4.6 25.0 -1.959825
4.93525 24.6095 -0.80205
4.85475 24.6095 -1.196575
4.85475 25.0 -1.196575
-0.186825 25.0 -2.493
0.5563 25.0 -2.437325
1.25 25.0 -2.165075
1.832625 25.0 -1.700425
2.252425 25.0 -1.0847
-0.186825 37.5 -2.493
0.5563 37.5 -2.437325
1.25 37.5 -2.165075
1.832625 37.5 -1.700425
2.252425 37.5 -1.0847
2.472075 25.0 -0.3726
2.472075 25.0 0.3726
2.252425 25.0 1.0847
1.832625 25.0 1.700425
1.25 25.0 2.165075
0.5563 25.0 2.437325
-0.186825 25.0 2.493
-0.186825 37.5 2.493
0.5563 37.5 2.437325
1.25 37.5 2.165075
1.832625 37.5 1.700425
2.252425 37.5 1.0847
2.472075 37.5 -0.3726
2.472075 37.5 0.3726
-0.91335 25.0 2.327175
-1.558725 25.0 1.954575
-2.0656 25.0 1.4083
-2.388925 25.0 0.7369
-2.5 25.0 -2.185575e-07
-2.388925 25.0 -0.7369
-2.0656 25.0 -1.4083
-0.91335 25.0 -2.327175
-1.558725 25.0 -1.954575
-0.91335 37.5 -2.327175
-1.558725 37.5 -1.954575
-2.0656 37.5 -1.4083
-2.388925 37.5 -0.7369
-2.5 37.5 1.416375e-15
-2.388925 37.5 0.7369
-2.0656 37.5 1.4083
-0.91335 37.5 2.327175
-1.558725 37.5 1.954575
-1.3911 24.21875 4.8025
-0.602675 24.21875 4.9635
0.2013275 24.21875 4.996
1.000125 24.21875 4.899
1.773025 24.21875 4.675
2.5 24.21875 4.33025
3.16225 24.21875 3.873
3.7425 24.21875 3.3155
4.226 24.21875 2.67225
4.6 24.21875 1.959825
4.85475 24.21875 1.196575
-1.773025 23.82825 4.675
-1.3911 23.82825 4.8025
-1.000125 23.82825 4.899
-1.3911 23.4375 4.8025
-0.602675 23.82825 4.9635
-0.20133 23.82825 4.996
-0.602675 23.4375 4.9635
0.2013275 23.82825 4.996
0.602675 23.82825 4.9635
0.2013275 23.4375 4.996
1.000125 23.82825 4.899
1.391075 23.82825 4.8025
1.000125 23.4375 4.899
1.773025 23.82825 4.675
2.14345 23.82825 4.51725
1.773025 23.4375 4.675
2.5 23.82825 4.33025
2.84025 23.82825 4.115
2.5 23.4375 4.33025
3.16225 23.82825 3.873
3.4635 23.82825 3.606
3.16225 23.4375 3.873
3.7425 23.82825 3.3155
3.99725 23.82825 3.00375
3.7425 23.4375 3.3155
4.226 23.82825 2.67225
4.42725 23.82825 2.323625
4.226 23.4375 2.67225
4.6 23.82825 1.959825
4.74275 23.82825 1.58335
4.6 23.4375 1.959825
4.85475 23.82825 1.196575
4.93525 23.82825 0.80205
4.85475 23.4375 1.196575
-1.773025 23.047 4.675
-1.3911 23.047 4.8025
-1.000125 23.047 4.899
-1.3911 22.65625 4.8025
-0.602675 23.047 4.9635
-0.20133 23.047 4.996
-0.602675 22.65625 4.9635
0.2013275 23.047 4.996
0.602675 23.047 4.9635
0.2013275 22.65625 4.996
1.000125 23.047 4.899
1.391075 23.047 4.8025
1.000125 22.65625 4.899
1.773025 23.047 4.675
2.14345 23.047 4.51725
1.773025 22.65625 4.675
2.5 23.047 4.33025
2.84025 23.047 4.115
2.5 22.65625 4.33025
3.16225 23.047 3.873
3.4635 23.047 3.606
3.16225 22.65625 3.873
3.7425 23.047 3.3155
3.99725 23.047 3.00375
3.7425 22.65625 3.3155
4.226 23.047 2.67225
4.42725 23.047 2.323625
4.226 22.65625 2.67225
4.6 23.047 1.959825
4.74275 23.047 1.58335
4.6 22.65625 1.959825
4.85475 23.047 1.196575
4.93525 23.047 0.80205
4.85475 22.65625 1.196575
-1.773025 22.26575 4.675
-1.3911 22.26575 4.8025
-1.000125 22.26575 4.899
-1.3911 21.875 4.8025
-0.602675 22.26575 4.9635
-0.20133 22.26575 4.996
-0.602675 21.875 4.9635
0.2013275 22.26575 4.996
0.602675 22.26575 4.9635
0.2013275 21.875 4.996
1.000125 22.26575 4.899
1.391075 22.26575 4.8025
1.000125 21.875 4.899
1.773025 22.26575 4.675
2.14345 22.26575 4.51725
1.773025 21.875 4.675
2.5 22.26575 4.33025
2.84025 22.26575 4.115
2.5 21.875 4.33025
3.16225 22.26575 3.873
3.4635 22.26575 3.606
3.16225 21.875 3.873
3.7425 22.26575 3.3155
3.99725 22.26575 3.00375
3.7425 21.875 3.3155
4.226 22.26575 2.67225
4.42725 22.26575 2.323625
4.226 21.875 2.67225
4.6 22.26575 1.959825
4.74275 22.26575 1.58335
4.6 21.875 1.959825
4.85475 22.26575 1.196575
4.93525 22.26575 0.80205
4.85475 21.875 1.196575
-1.773025 21.4845 4.675
-1.3911 21.4845 4.8025
-1.000125 21.4845 4.899
-1.3911 21.09375 4.8025
-0.602675 21.4845 4.9635
-0.20133 21.4845 4.996
-0.602675 21.09375 4.9635
0.2013275 21.4845 4.996
0.602675 21.4845 4.9635
0.2013275 21.09375 4.996
1.000125 21.4845 4.899
1.391075 21.4845 4.8025
1.000125 21.09375 4.899
1.773025 21.4845 4.675
2.14345 21.4845 4.51725
1.773025 21.09375 4.675
2.5 21.4845 4.33025
2.84025 21.4845 4.115
2.5 21.09375 4.33025
3.16225 21.4845 3.873
3.4635 21.4845 3.606
3.16225 21.09375 3.873
3.7425 21.4845 3.3155
3.99725 21.4845 3.00375
3.7425 21.09375 3.3155
4.226 21.4845 2.67225
4.42725 21.4845 2.323625
4.226 21.09375 2.67225
4.6 21.4845 1.959825
4.74275 21.4845 1.58335
4.6 21.09375 1.959825
4.85475 21.4845 1.196575
4.93525 21.4845 0.80205
4.85475 21.09375 1.196575
-1.773025 20.70325 4.675
-1.3911 20.70325 4.8025
-1.000125 20.70325 4.899
-1.3911 20.3125 4.8025
-0.602675 20.70325 4.9635
-0.20133 20.70325 4.996
-0.602675 20.3125 4.9635
0.2013275 20.70325 4.996
0.602675 20.70325 4.9635
0.2013275 20.3125 4.996
1.000125 20.70325 4.899
1.391075 20.70325 4.8025
1.000125 20.3125 4.899
1.773025 20.70325 4.675
2.14345 20.70325 4.51725
1.773025 20.3125 4.675
2.5 20.70325 4.33025
2.84025 20.70325 4.115
2.5 20.3125 4.33025
3.16225 20.70325 3.873
3.4635 20.70325 3.606
3.16225 20.3125 3.873
3.7425 20.70325 3.3155
3.99725 20.70325 3.00375
3.7425 20.3125 3.3155
4.226 20.70325 2.67225
4.42725 20.70325 2.323625
4.226 20.3125 2.67225
4.6 20.70325 1.959825
4.74275 20.70325 1.58335
4.6 20.3125 1.959825
4.85475 20.70325 1.196575
4.93525 20.70325 0.80205
4.85475 20.3125 1.196575
-1.773025 19.922 4.675
-1.3911 19.922 4.8025
-1.000125 19.922 4.899
-1.3911 19.53125 4.8025
-0.602675 19.922 4.9635
-0.20133 19.922 4.996
-0.602675 19.53125 4.9635
0.2013275 19.922 4.996
0.602675 19.922 4.9635
0.2013275 19.53125 4.996
1.000125 19.922 4.899
1.391075 19.922 4.8025
1.000125 19.53125 4.899
1.773025 19.922 4.675
2.14345 19.922 4.51725
1.773025 19.53125 4.675
2.5 19.922 4.33025
2.84025 19.922 4.115
2.5 19.53125 4.33025
3.16225 19.922 3.873
3.4635 19.922 3.606
3.16225 19.53125 3.873
3.7425 19.922 3.3155
3.99725 19.922 3.00375
3.7425 19.53125 3.3155
4.226 19.922 2.67225
4.42725 19.922 2.323625
4.226 19.53125 2.67225
4.6 19.922 1.959825
4.74275 19.922 1.58335
4.6 19.53125 1.959825
4.85475 19.922 1.196575
4.93525 19.922 0.80205
4.85475 19.53125 1.196575
-1.3911 13.28125 4.8025
-0.602675 13.28125 4.9635
0.2013275 13.28125 4.996
1.000125 13.28125 4.899
1.773025 13.28125 4.675
2.5 13.28125 4.33025
3.16225 13.28125 3.873
3.7425 13.28125 3.3155
4.226 13.28125 2.67225
4.6 13.28125 1.959825
4.85475 13.28125 1.196575
-1.773025 13.67175 4.675
-1.3911 13.67175 4.8025
-1.000125 13.67175 4.899
-0.602675 13.67175 4.9635
-1.3911 14.0625 4.8025
-0.20133 13.67175 4.996
0.2013275 13.67175 4.996
-0.602675 14.0625 4.9635
0.602675 13.67175 4.9635
1.000125 13.67175 4.899
0.2013275 14.0625 4.996
1.391075 13.67175 4.8025
1.773025 13.67175 4.675
1.000125 14.0625 4.899
2.14345 13.67175 4.51725
2.5 13.67175 4.33025
1.773025 14.0625 4.675
2.84025 13.67175 4.115
3.16225 13.67175 3.873
2.5 14.0625 4.33025
3.4635 13.67175 3.606
3.7425 13.67175 3.3155
3.16225 14.0625 3.873
3.99725 13.67175 3.00375
4.226 13.67175 2.67225
3.7425 14.0625 3.3155
4.42725 13.67175 2.323625
4.6 13.67175 1.959825
4.226 14.0625 2.67225
4.74275 13.67175 1.58335
4.85475 13.67175 1.196575
4.6 14.0625 1.959825
4.93525 13.67175 0.80205
4.85475 14.0625 1.196575
-1.773025 14.45325 4.675
-1.3911 14.45325 4.8025
-1.000125 14.45325 4.899
-0.602675 14.45325 4.9635
-1.3911 14.84375 4.8025
-0.20133 14.45325 4.996
0.2013275 14.45325 4.996
-0.602675 14.84375 4.9635
0.602675 14.45325 4.9635
1.000125 14.45325 4.899
0.2013275 14.84375 4.996
1.391075 14.45325 4.8025
1.773025 14.45325 4.675
1.000125 14.84375 4.899
2.14345 14.45325 4.51725
2.5 14.45325 4.33025
1.773025 14.84375 4.675
2.84025 14.45325 4.115
3.16225 14.45325 3.873
2.5 14.84375 4.33025
3.4635 14.45325 3.606
3.7425 14.45325 3.3155
3.16225 14.84375 3.873
3.99725 14.45325 3.00375
4.226 14.45325 2.67225
3.7425 14.84375 3.3155
4.42725 14.45325 2.323625
4.6 14.45325 1.959825
4.226 14.84375 2.67225
4.74275 14.45325 1.58335
4.85475 14.45325 1.196575
4.6 14.84375 1.959825
4.93525 14.45325 0.80205
4.85475 14.84375 1.196575
-1.773025 15.2345 4.675
-1.3911 15.2345 4.8025
-1.000125 15.2345 4.899
-0.602675 15.2345 4.9635
-1.3911 15.625 4.8025
-0.20133 15.2345 4.996
0.2013275 15.2345 4.996
-0.602675 15.625 4.9635
0.602675 15.2345 4.9635
1.000125 15.2345 4.899
0.2013275 15.625 4.996
1.391075 15.2345 4.8025
1.773025 15.2345 4.675
1.000125 15.625 4.899
2.14345 15.2345 4.51725
2.5 15.2345 4.33025
1.773025 15.625 4.675
2.84025 15.2345 4.115
3.16225 15.2345 3.873
2.5 15.625 4.33025
3.4635 15.2345 3.606
3.7425 15.2345 3.3155
3.16225 15.625 3.873
3.99725 15.2345 3.00375
4.226 15.2345 2.67225
3.7425 15.625 3.3155
4.42725 15.2345 2.323625
4.6 15.2345 1.959825
4.226 15.625 2.67225
4.74275 15.2345 1.58335
4.85475 15.2345 1.196575
4.6 15.625 1.959825
4.93525 15.2345 0.80205
4.85475 15.625 1.196575
-1.773025 16.01575 4.675
-1.3911 16.01575 4.8025
-1.000125 16.01575 4.899
-0.602675 16.01575 4.9635
-1.3911 16.40625 4.8025
-0.20133 16.01575 4.996
0.2013275 16.01575 4.996
-0.602675 16.40625 4.9635
0.602675 16.01575 4.9635
1.000125 16.01575 4.899
0.2013275 16.40625 4.996
1.391075 16.01575 4.8025
1.773025 16.01575 4.675
1.000125 16.40625 4.899
2.14345 16.01575 4.51725
2.5 16.01575 4.33025
1.773025 16.40625 4.675
2.84025 16.01575 4.115
3.16225 16.01575 3.873
2.5 16.40625 4.33025
3.4635 16.01575 3.606
3.7425 16.01575 3.3155
3.16225 16.40625 3.873
3.99725 16.01575 3.00375
4.226 16.01575 2.67225
3.7425 16.40625 3.3155
4.42725 16.01575 2.323625
4.6 16.01575 1.959825
4.226 16.40625 2.67225
4.74275 16.01575 1.58335
4.85475 16.01575 1.196575
4.6 16.40625 1.959825
4.93525 16.01575 0.80205
4.85475 16.40625 1.196575
-1.773025 16.797 4.675
-1.3911 16.797 4.8025
-1.000125 16.797 4.899
-0.602675 16.797 4.9635
-1.3911 17.1875 4.8025
-0.20133 16.797 4.996
0.2013275 16.797 4.996
-0.602675 17.1875 4.9635
0.602675 16.797 4.9635
1.000125 16.797 4.899
0.2013275 17.1875 4.996
1.391075 16.797 4.8025
1.773025 16.797 4.675
1.000125 17.1875 4.899
2.14345 16.797 4.51725
2.5 16.797 4.33025
1.773025 17.1875 4.675
2.84025 16.797 4.115
3.16225 16.797 3.873
2.5 17.1875 4.33025
3.4635 16.797 3.606
3.7425 16.797 3.3155
3.16225 17.1875 3.873
3.99725 16.797 3.00375
4.226 16.797 2.67225
3.7425 17.1875 3.3155
4.42725 16.797 2.323625
4.6 16.797 1.959825
4.226 17.1875 2.67225
4.74275 16.797 1.58335
4.85475 16.797 1.196575
4.6 17.1875 1.959825
4.93525 16.797 0.80205
4.85475 17.1875 1.196575
-1.773025 17.57825 4.675
-1.3911 17.57825 4.8025
-1.000125 17.57825 4.899
-0.602675 17.57825 4.9635
-1.3911 17.96875 4.8025
-0.20133 17.57825 4.996
0.2013275 17.57825 4.996
-0.602675 17.96875 4.9635
0.602675 17.57825 4.9635
1.000125 17.57825 4.899
0.2013275 17.96875 4.996
1.391075 17.57825 4.8025
1.773025 17.57825 4.675
1.000125 17.96875 4.899
2.14345 17.57825 4.51725
2.5 17.57825 4.33025
1.773025 17.96875 4.675
2.84025 17.57825 4.115
3.16225 17.57825 3.873
2.5 17.96875 4.33025
3.4635 17.57825 3.606
3.7425 17.57825 3.3155
3.16225 17.96875 3.873
3.99725 17.57825 3.00375
4.226 17.57825 2.67225
3.7425 17.96875 3.3155
4.42725 17.57825 2.323625
4.6 17.57825 1.959825
4.226 17.96875 2.67225
4.74275 17.57825 1.58335
4.85475 17.57825 1.196575
4.6 17.96875 1.959825
4.93525 17.57825 0.80205
4.85475 17.96875 1.196575
-1.773025 19.14075 4.675
-1.773025 18.3595 4.675
-1.3911 18.3595 4.8025
-1.3911 19.14075 4.8025
-1.000125 19.14075 4.899
-1.000125 18.3595 4.899
-0.602675 18.3595 4.9635
-1.3911 18.75 4.8025
-0.602675 19.14075 4.9635
-0.20133 19.14075 4.996
-0.20133 18.3595 4.996
0.2013275 18.3595 4.996
-0.602675 18.75 4.9635
0.2013275 19.14075 4.996
0.602675 19.14075 4.9635
0.602675 18.3595 4.9635
1.000125 18.3595 4.899
0.2013275 18.75 4.996
1.000125 19.14075 4.899
1.391075 19.14075 4.8025
1.391075 18.3595 4.8025
1.773025 18.3595 4.675
1.000125 18.75 4.899
1.773025 19.14075 4.675
2.14345 19.14075 4.51725
2.14345 18.3595 4.51725
2.5 18.3595 4.33025
1.773025 18.75 4.675
2.5 19.14075 4.33025
2.84025 19.14075 4.115
2.84025 18.3595 4.115
3.16225 18.3595 3.873
2.5 18.75 4.33025
3.16225 19.14075 3.873
3.4635 19.14075 3.606
3.4635 18.3595 3.606
3.7425 18.3595 3.3155
3.16225 18.75 3.873
3.7425 19.14075 3.3155
3.99725 19.14075 3.00375
3.99725 18.3595 3.00375
4.226 18.3595 2.67225
3.7425 18.75 3.3155
4.226 19.14075 2.67225
4.42725 19.14075 2.323625
4.42725 18.3595 2.323625
4.6 18.3595 1.959825
4.226 18.75 2.67225
4.6 19.14075 1.959825
4.74275 19.14075 1.58335
4.74275 18.3595 1.58335
4.85475 18.3595 1.196575
4.6 18.75 1.959825
4.85475 19.14075 1.196575
4.93525 19.14075 0.80205
4.93525 18.3595 0.80205
4.85475 18.75 1.196575
4.98375 24.21875 -0.402325
4.98375 24.21875 0.402325
4.98375 23.82825 -0.402325
4.98375 23.4375 -0.402325
4.98375 23.82825 0.402325
4.98375 23.4375 0.402325
5.0 23.82825 0.0
4.98375 23.047 -0.402325
4.98375 22.65625 -0.402325
4.98375 23.047 0.402325
4.98375 22.65625 0.402325
5.0 23.047 0.0
4.98375 22.26575 -0.402325
4.98375 21.875 -0.402325
4.98375 22.26575 0.402325
4.98375 21.875 0.402325
5.0 22.26575 0.0
4.98375 21.4845 -0.402325
4.98375 21.09375 -0.402325
4.98375 21.4845 0.402325
4.98375 21.09375 0.402325
5.0 21.4845 0.0
4.98375 20.70325 -0.402325
4.98375 20.3125 -0.402325
4.98375 20.70325 0.402325
4.98375 20.3125 0.402325
5.0 20.70325 0.0
4.98375 19.922 -0.402325
4.98375 19.53125 -0.402325
4.98375 19.922 0.402325
4.98375 19.53125 0.402325
5.0 19.922 0.0
4.98375 19.14075 -0.402325
4.98375 18.75 -0.402325
4.98375 19.14075 0.402325
4.98375 18.75 0.402325
5.0 19.14075 0.0
4.98375 17.96875 -0.402325
4.98375 18.3595 -0.402325
4.98375 17.96875 0.402325
4.98375 18.3595 0.402325
5.0 18.3595 0.0
4.98375 17.1875 -0.402325
4.98375 17.57825 -0.402325
4.98375 17.1875 0.402325
4.98375 17.57825 0.402325
5.0 17.57825 0.0
4.98375 16.40625 -0.402325
4.98375 16.797 -0.402325
4.98375 16.40625 0.402325
4.98375 16.797 0.402325
5.0 16.797 0.0
4.98375 15.625 -0.402325
4.98375 16.01575 -0.402325
4.98375 15.625 0.402325
4.98375 16.01575 0.402325
5.0 16.01575 0.0
4.98375 14.84375 -0.402325
4.98375 15.2345 -0.402325
4.98375 14.84375 0.402325
4.98375 15.2345 0.402325
5.0 15.2345 0.0
4.98375 14.0625 -0.402325
4.98375 14.45325 -0.402325
4.98375 14.0625 0.402325
4.98375 14.45325 0.402325
5.0 14.45325 0.0
4.98375 13.28125 -0.402325
4.98375 13.67175 -0.402325
4.98375 13.28125 0.402325
4.98375 13.67175 0.402325
5.0 13.672 0.0
4.98375 12.89075 -0.402325
4.98375 12.5 -0.402325
4.98375 12.89075 0.402325
5.0 12.89075 0.0
4.85475 12.89075 1.196575
4.93525 12.89075 0.80205
4.98375 12.5 0.402325
4.6 12.89075 1.959825
4.74275 12.89075 1.58335
4.85475 12.5 1.196575
4.226 12.89075 2.67225
4.42725 12.89075 2.323625
4.6 12.5 1.959825
3.7425 12.89075 3.3155
3.99725 12.89075 3.00375
4.226 12.5 2.67225
3.16225 12.89075 3.873
3.4635 12.89075 3.606
3.7425 12.5 3.3155
2.5 12.89075 4.33025
2.84025 12.89075 4.115
3.16225 12.5 3.873
1.773025 12.89075 4.675
2.14345 12.89075 4.51725
2.5 12.5 4.33025
1.000125 12.89075 4.899
1.391075 12.89075 4.8025
1.773025 12.5 4.675
0.20133 12.89075 4.996
0.602675 12.89075 4.9635
1.000125 12.5 4.899
-0.602675 12.89075 4.9635
-0.20133 12.89075 4.996
0.20133 12.5 4.996
-1.3911 12.89075 4.8025
-1.000125 12.89075 4.899
-0.602675 12.5 4.9635
-1.773025 12.89075 4.675
-1.391075 12.5 4.8025
-1.773025 24.6095 4.675
-1.3911 24.6095 4.8025
-1.000125 24.6095 4.899
-0.602675 24.6095 4.9635
-1.391075 25.0 4.8025
-0.20133 24.6095 4.996
0.20133 24.6095 4.996
-0.602675 25.0 4.9635
0.602675 24.6095 4.9635
1.000125 24.6095 4.899
0.20133 25.0 4.996
1.391075 24.6095 4.8025
1.773025 24.6095 4.675
1.000125 25.0 4.899
2.14345 24.6095 4.51725
2.5 24.6095 4.33025
1.773025 25.0 4.675
2.84025 24.6095 4.115
3.16225 24.6095 3.873
2.5 25.0 4.33025
3.4635 24.6095 3.606
3.7425 24.6095 3.3155
3.16225 25.0 3.873
3.99725 24.6095 3.00375
4.226 24.6095 2.67225
3.7425 25.0 3.3155
4.42725 24.6095 2.323625
4.6 24.6095 1.959825
4.226 25.0 2.67225
4.74275 24.6095 1.58335
4.85475 24.6095 1.196575
4.6 25.0 1.959825
4.93525 24.6095 0.80205
4.98375 24.6095 0.402325
4.85475 25.0 1.196575
4.98375 24.6095 -0.402325
4.98375 25.0 -0.402325
5.0 24.6095 0.0
4.98375 25.0 0.402325
-3.4635 24.21875 -3.606
-3.99725 24.21875 -3.00375
-4.42725 24.21875 -2.323625
-4.74275 24.21875 -1.58335
-4.93525 24.21875 -0.80205
-5.0 24.21875 -1.6292e-06
-4.93525 24.21875 0.80205
-4.74275 24.21875 1.58335
-4.42725 24.21875 2.323625
-3.99725 24.21875 3.00375
-3.4635 24.21875 3.606
-3.16225 23.82825 -3.873
-3.4635 23.82825 -3.606
-3.7425 23.82825 -3.3155
-3.4635 23.4375 -3.606
-3.99725 23.82825 -3.00375
-4.226 23.82825 -2.67225
-3.99725 23.4375 -3.00375
-4.42725 23.82825 -2.323625
-4.6 23.82825 -1.959825
-4.42725 23.4375 -2.323625
-4.74275 23.82825 -1.58335
-4.85475 23.82825 -1.196575
-4.74275 23.4375 -1.58335
-4.93525 23.82825 -0.80205
-4.98375 23.82825 -0.402325
-4.93525 23.4375 -0.80205
-5.0 23.82825 -1.6292e-06
-4.98375 23.82825 0.402325
-5.0 23.4375 -1.6292e-06
-4.93525 23.82825 0.80205
-4.85475 23.82825 1.196575
-4.93525 23.4375 0.80205
-4.74275 23.82825 1.58335
-4.6 23.82825 1.959825
-4.74275 23.4375 1.58335
-4.42725 23.82825 2.323625
-4.226 23.82825 2.67225
-4.42725 23.4375 2.323625
-3.99725 23.82825 3.00375
-3.7425 23.82825 3.3155
-3.99725 23.4375 3.00375
-3.4635 23.82825 3.606
-3.16225 23.82825 3.873
-3.4635 23.4375 3.606
-3.16225 23.047 -3.873
-3.4635 23.047 -3.606
-3.7425 23.047 -3.3155
-3.4635 22.65625 -3.606
-3.99725 23.047 -3.00375
-4.226 23.047 -2.67225
-3.99725 22.65625 -3.00375
-4.42725 23.047 -2.323625
-4.6 23.047 -1.959825
-4.42725 22.65625 -2.323625
-4.74275 23.047 -1.58335
-4.85475 23.047 -1.196575
-4.74275 22.65625 -1.58335
-4.93525 23.047 -0.80205
-4.98375 23.047 -0.402325
-4.93525 22.65625 -0.80205
-5.0 23.047 -1.6292e-06
-4.98375 23.047 0.402325
-5.0 22.65625 -1.6292e-06
-4.93525 23.047 0.80205
-4.85475 23.047 1.196575
-4.93525 22.65625 0.80205
-4.74275 23.047 1.58335
-4.6 23.047 1.959825
-4.74275 22.65625 1.58335
-4.42725 23.047 2.323625
-4.226 23.047 2.67225
-4.42725 22.65625 2.323625
-3.99725 23.047 3.00375
-3.7425 23.047 3.3155
-3.99725 22.65625 3.00375
-3.4635 23.047 3.606
-3.16225 23.047 3.873
-3.4635 22.65625 3.606
-3.16225 22.26575 -3.873
-3.4635 22.26575 -3.606
-3.7425 22.26575 -3.3155
-3.4635 21.875 -3.606
-3.99725 22.26575 -3.00375
-4.226 22.26575 -2.67225
-3.99725 21.875 -3.00375
-4.42725 22.26575 -2.323625
-4.6 22.26575 -1.959825
-4.42725 21.875 -2.323625
-4.74275 22.26575 -1.58335
-4.85475 22.26575 -1.196575
-4.74275 21.875 -1.58335
-4.93525 22.26575 -0.80205
-4.98375 22.26575 -0.402325
-4.93525 21.875 -0.80205
-5.0 22.26575 -1.6292e-06
-4.98375 22.26575 0.402325
-5.0 21.875 -1.6292e-06
-4.93525 22.26575 0.80205
-4.85475 22.26575 1.196575
-4.93525 21.875 0.80205
-4.74275 22.26575 1.58335
-4.6 22.26575 1.959825
-4.74275 21.875 1.58335
-4.42725 22.26575 2.323625
-4.226 22.26575 2.67225
-4.42725 21.875 2.323625
-3.99725 22.26575 3.00375
-3.7425 22.26575 3.3155
-3.99725 21.875 3.00375
-3.4635 22.26575 3.606
-3.16225 22.26575 3.873
-3.4635 21.875 3.606
-3.16225 21.4845 -3.873
-3.4635 21.4845 -3.606
-3.7425 21.4845 -3.3155
-3.4635 21.09375 -3.606
-3.99725 21.4845 -3.00375
-4.226 21.4845 -2.67225
-3.99725 21.09375 -3.00375
-4.42725 21.4845 -2.323625
-4.6 21.4845 -1.959825
-4.42725 21.09375 -2.323625
-4.74275 21.4845 -1.58335
-4.85475 21.4845 -1.196575
-4.74275 21.09375 -1.58335
-4.93525 21.4845 -0.80205
-4.98375 21.4845 -0.402325
-4.93525 21.09375 -0.80205
-5.0 21.4845 -1.6292e-06
-4.98375 21.4845 0.402325
-5.0 21.09375 -1.6292e-06
-4.93525 21.4845 0.80205
-4.85475 21.4845 1.196575
-4.93525 21.09375 0.80205
-4.74275 21.4845 1.58335
-4.6 21.4845 1.959825
-4.74275 21.09375 1.58335
-4.42725 21.4845 2.323625
-4.226 21.4845 2.67225
-4.42725 21.09375 2.323625
-3.99725 21.4845 3.00375
-3.7425 21.4845 3.3155
-3.99725 21.09375 3.00375
-3.4635 21.4845 3.606
-3.16225 21.4845 3.873
-3.4635 21.09375 3.606
-3.16225 20.70325 -3.873
-3.4635 20.70325 -3.606
-3.7425 20.70325 -3.3155
-3.4635 20.3125 -3.606
-3.99725 20.70325 -3.00375
-4.226 20.70325 -2.67225
-3.99725 20.3125 -3.00375
-4.42725 20.70325 -2.323625
-4.6 20.70325 -1.959825
-4.42725 20.3125 -2.323625
-4.74275 20.70325 -1.58335
-4.85475 20.70325 -1.196575
-4.74275 20.3125 -1.58335
-4.93525 20.70325 -0.80205
-4.98375 20.70325 -0.402325
-4.93525 20.3125 -0.80205
-5.0 20.70325 -1.6292e-06
-4.98375 20.70325 0.402325
-5.0 20.3125 -1.6292e-06
-4.93525 20.70325 0.80205
-4.85475 20.70325 1.196575
-4.93525 20.3125 0.80205
-4.74275 20.70325 1.58335
-4.6 20.70325 1.959825
-4.74275 20.3125 1.58335
-4.42725 20.70325 2.323625
-4.226 20.70325 2.67225
-4.42725 20.3125 2.323625
-3.99725 20.70325 3.00375
-3.7425 20.70325 3.3155
-3.99725 20.3125 3.00375
-3.4635 20.70325 3.606
-3.16225 20.70325 3.873
-3.4635 20.3125 3.606
-3.16225 19.922 -3.873
-3.4635 19.922 -3.606
-3.7425 19.922 -3.3155
-3.4635 19.53125 -3.606
-3.99725 19.922 -3.00375
-4.226 19.922 -2.67225
-3.99725 19.53125 -3.00375
-4.42725 19.922 -2.323625
-4.6 19.922 -1.959825
-4.42725 19.53125 -2.323625
-4.74275 19.922 -1.58335
-4.85475 19.922 -1.196575
-4.74275 19.53125 -1.58335
-4.93525 19.922 -0.80205
-4.98375 19.922 -0.402325
-4.93525 19.53125 -0.80205
-5.0 19.922 -1.6292e-06
-4.98375 19.922 0.402325
-5.0 19.53125 -1.6292e-06
-4.93525 19.922 0.80205
-4.85475 19.922 1.196575
-4.93525 19.53125 0.80205
-4.74275 19.922 1.58335
-4.6 19.922 1.959825
-4.74275 19.53125 1.58335
-4.42725 19.922 2.323625
-4.226 19.922 2.67225
-4.42725 19.53125 2.323625
-3.99725 19.922 3.00375
-3.7425 19.922 3.3155
-3.99725 19.53125 3.00375
-3.4635 19.922 3.606
-3.16225 19.922 3.873
-3.4635 19.53125 3.606
-3.4635 13.28125 -3.606
-3.99725 13.28125 -3.00375
-4.42725 13.28125 -2.323625
-4.74275 13.28125 -1.58335
-4.93525 13.28125 -0.80205
-5.0 13.28125 -1.6292e-06
-4.93525 13.28125 0.80205
-4.74275 13.28125 1.58335
-4.42725 13.28125 2.323625
-3.99725 13.28125 3.00375
-3.4635 13.28125 3.606
-3.16225 13.67175 -3.873
-3.4635 13.67175 -3.606
-3.7425 13.67175 -3.3155
-3.99725 13.67175 -3.00375
-3.4635 14.0625 -3.606
-4.226 13.67175 -2.67225
-4.42725 13.67175 -2.323625
-3.99725 14.0625 -3.00375
-4.6 13.67175 -1.959825
-4.74275 13.67175 -1.58335
-4.42725 14.0625 -2.323625
-4.85475 13.67175 -1.196575
-4.93525 13.67175 -0.80205
-4.74275 14.0625 -1.58335
-4.98375 13.67175 -0.402325
-5.0 13.67175 -1.6292e-06
-4.93525 14.0625 -0.80205
-4.98375 13.67175 0.402325
-4.93525 13.67175 0.80205
-5.0 14.0625 -1.6292e-06
-4.85475 13.67175 1.196575
-4.74275 13.67175 1.58335
-4.93525 14.0625 0.80205
-4.6 13.67175 1.959825
-4.42725 13.67175 2.323625
-4.74275 14.0625 1.58335
-4.226 13.67175 2.67225
-3.99725 13.67175 3.00375
-4.42725 14.0625 2.323625
-3.7425 13.67175 3.3155
-3.4635 13.67175 3.606
-3.99725 14.0625 3.00375
-3.16225 13.67175 3.873
-3.4635 14.0625 3.606
-3.16225 14.45325 -3.873
-3.4635 14.45325 -3.606
-3.7425 14.45325 -3.3155
-3.99725 14.45325 -3.00375
-3.4635 14.84375 -3.606
-4.226 14.45325 -2.67225
-4.42725 14.45325 -2.323625
-3.99725 14.84375 -3.00375
-4.6 14.45325 -1.959825
-4.74275 14.45325 -1.58335
-4.42725 14.84375 -2.323625
-4.85475 14.45325 -1.196575
-4.93525 14.45325 -0.80205
-4.74275 14.84375 -1.58335
-4.98375 14.45325 -0.402325
-5.0 14.45325 -1.6292e-06
-4.93525 14.84375 -0.80205
-4.98375 14.45325 0.402325
-4.93525 14.45325 0.80205
-5.0 14.84375 -1.6292e-06
-4.85475 14.45325 1.196575
-4.74275 14.45325 1.58335
-4.93525 14.84375 0.80205
-4.6 14.45325 1.959825
-4.42725 14.45325 2.323625
-4.74275 14.84375 1.58335
-4.226 14.45325 2.67225
-3.99725 14.45325 3.00375
-4.42725 14.84375 2.323625
-3.7425 14.45325 3.3155
-3.4635 14.45325 3.606
-3.99725 14.84375 3.00375
-3.16225 14.45325 3.873
-3.4635 14.84375 3.606
-3.16225 15.2345 -3.873
-3.4635 15.2345 -3.606
-3.7425 15.2345 -3.3155
-3.99725 15.2345 -3.00375
-3.4635 15.625 -3.606
-4.226 15.2345 -2.67225
-4.42725 15.2345 -2.323625
-3.99725 15.625 -3.00375
-4.6 15.2345 -1.959825
-4.74275 15.2345 -1.58335
-4.42725 15.625 -2.323625
-4.85475 15.2345 -1.196575
-4.93525 15.2345 -0.80205
-4.74275 15.625 -1.58335
-4.98375 15.2345 -0.402325
-5.0 15.2345 -1.6292e-06
-4.93525 15.625 -0.80205
-4.98375 15.2345 0.402325
-4.93525 15.2345 0.80205
-5.0 15.625 -1.6292e-06
-4.85475 15.2345 1.196575
-4.74275 15.2345 1.58335
-4.93525 15.625 0.80205
-4.6 15.2345 1.959825
-4.42725 15.2345 2.323625
-4.74275 15.625 1.58335
-4.226 15.2345 2.67225
-3.99725 15.2345 3.00375
-4.42725 15.625 2.323625
-3.7425 15.2345 3.3155
-3.4635 15.2345 3.606
-3.99725 15.625 3.00375
-3.16225 15.2345 3.873
-3.4635 15.625 3.606
-3.16225 16.01575 -3.873
-3.4635 16.01575 -3.606
-3.7425 16.01575 -3.3155
-3.99725 16.01575 -3.00375
-3.4635 16.40625 -3.606
-4.226 16.01575 -2.67225
-4.42725 16.01575 -2.323625
-3.99725 16.40625 -3.00375
-4.6 16.01575 -1.959825
-4.74275 16.01575 -1.58335
-4.42725 16.40625 -2.323625
-4.85475 16.01575 -1.196575
-4.93525 16.01575 -0.80205
-4.74275 16.40625 -1.58335
-4.98375 16.01575 -0.402325
-5.0 16.01575 -1.6292e-06
-4.93525 16.40625 -0.80205
-4.98375 16.01575 0.402325
-4.93525 16.01575 0.80205
-5.0 16.40625 -1.6292e-06
-4.85475 16.01575 1.196575
-4.74275 16.01575 1.58335
-4.93525 16.40625 0.80205
-4.6 16.01575 1.959825
-4.42725 16.01575 2.323625
-4.74275 16.40625 1.58335
-4.226 16.01575 2.67225
-3.99725 16.01575 3.00375
-4.42725 16.40625 2.323625
-3.7425 16.01575 3.3155
-3.4635 16.01575 3.606
-3.99725 16.40625 3.00375
-3.16225 16.01575 3.873
-3.4635 16.40625 3.606
-3.16225 16.797 -3.873
-3.4635 16.797 -3.606
-3.7425 16.797 -3.3155
-3.99725 16.797 -3.00375
-3.4635 17.1875 -3.606
-4.226 16.797 -2.67225
-4.42725 16.797 -2.323625
-3.99725 17.1875 -3.00375
-4.6 16.797 -1.959825
-4.74275 16.797 -1.58335
-4.42725 17.1875 -2.323625
-4.85475 16.797 -1.196575
-4.93525 16.797 -0.80205
-4.74275 17.1875 -1.58335
-4.98375 16.797 -0.402325
-5.0 16.797 -1.6292e-06
-4.93525 17.1875 -0.80205
-4.98375 16.797 0.402325
-4.93525 16.797 0.80205
-5.0 17.1875 -1.6292e-06
-4.85475 16.797 1.196575
-4.74275 16.797 1.58335
-4.93525 17.1875 0.80205
-4.6 16.797 1.959825
-4.42725 16.797 2.323625
-4.74275 17.1875 1.58335
-4.226 16.797 2.67225
-3.99725 16.797 3.00375
-4.42725 17.1875 2.323625
-3.7425 16.797 3.3155
-3.4635 16.797 3.606
-3.99725 17.1875 3.00375
-3.16225 16.797 3.873
-3.4635 17.1875 3.606
-3.16225 17.57825 -3.873
-3.4635 17.57825 -3.606
-3.7425 17.57825 -3.3155
-3.99725 17.57825 -3.00375
-3.4635 17.96875 -3.606
-4.226 17.57825 -2.67225
-4.42725 17.57825 -2.323625
-3.99725 17.96875 -3.00375
-4.6 17.57825 -1.959825
-4.74275 17.57825 -1.58335
-4.42725 17.96875 -2.323625
-4.85475 17.57825 -1.196575
-4.93525 17.57825 -0.80205
-4.74275 17.96875 -1.58335
-4.98375 17.57825 -0.402325
-5.0 17.57825 -1.6292e-06
-4.93525 17.96875 -0.80205
-4.98375 17.57825 0.402325
-4.93525 17.57825 0.80205
-5.0 17.96875 -1.6292e-06
-4.85475 17.57825 1.196575
-4.74275 17.57825 1.58335
-4.93525 17.96875 0.80205
-4.6 17.57825 1.959825
-4.42725 17.57825 2.323625
-4.74275 17.96875 1.58335
-4.226 17.57825 2.67225
-3.99725 17.57825 3.00375
-4.42725 17.96875 2.323625
-3.7425 17.57825 3.3155
-3.4635 17.57825 3.606
-3.99725 17.96875 3.00375
-3.16225 17.57825 3.873
-3.4635 17.96875 3.606
-3.16225 19.14075 -3.873
-3.16225 18.3595 -3.873
-3.4635 18.3595 -3.606
-3.4635 19.14075 -3.606
-3.7425 19.14075 -3.3155
-3.7425 18.3595 -3.3155
-3.99725 18.3595 -3.00375
-3.4635 18.75 -3.606
-3.99725 19.14075 -3.00375
-4.226 19.14075 -2.67225
-4.226 18.3595 -2.67225
-4.42725 18.3595 -2.323625
-3.99725 18.75 -3.00375
-4.42725 19.14075 -2.323625
-4.6 19.14075 -1.959825
-4.6 18.3595 -1.959825
-4.74275 18.3595 -1.58335
-4.42725 18.75 -2.323625
-4.74275 19.14075 -1.58335
-4.85475 19.14075 -1.196575
-4.85475 18.3595 -1.196575
-4.93525 18.3595 -0.80205
-4.74275 18.75 -1.58335
-4.93525 19.14075 -0.80205
-4.98375 19.14075 -0.402325
-4.98375 18.3595 -0.402325
-5.0 18.3595 -1.6292e-06
-4.93525 18.75 -0.80205
-5.0 19.14075 -1.6292e-06
-4.98375 19.14075 0.402325
-4.98375 18.3595 0.402325
-4.93525 18.3595 0.80205
-5.0 18.75 -1.6292e-06
-4.93525 19.14075 0.80205
-4.85475 19.14075 1.196575
-4.85475 18.3595 1.196575
-4.74275 18.3595 1.58335
-4.93525 18.75 0.80205
-4.74275 19.14075 1.58335
-4.6 19.14075 1.959825
-4.6 18.3595 1.959825
-4.42725 18.3595 2.323625
-4.74275 18.75 1.58335
-4.42725 19.14075 2.323625
-4.226 19.14075 2.67225
-4.226 18.3595 2.67225
-3.99725 18.3595 3.00375
-4.42725 18.75 2.323625
-3.99725 19.14075 3.00375
-3.7425 19.14075 3.3155
-3.7425 18.3595 3.3155
-3.4635 18.3595 3.606
-3.99725 18.75 3.00375
-3.4635 19.14075 3.606
-3.16225 19.14075 3.873
-3.16225 18.3595 3.873
-3.4635 18.75 3.606
-2.143475 24.21875 4.51725
-2.143475 23.82825 4.51725
-2.84025 24.21875 4.115
-2.143475 23.4375 4.51725
-2.84025 23.82825 4.115
-2.84025 23.4375 4.115
-2.5 23.82825 4.33025
-2.143475 23.047 4.51725
-2.143475 22.65625 4.51725
-2.84025 23.047 4.115
-2.84025 22.65625 4.115
-2.5 23.047 4.33025
-2.143475 22.26575 4.51725
-2.143475 21.875 4.51725
-2.84025 22.26575 4.115
-2.84025 21.875 4.115
-2.5 22.26575 4.33025
-2.143475 21.4845 4.51725
-2.143475 21.09375 4.51725
-2.84025 21.4845 4.115
-2.84025 21.09375 4.115
-2.5 21.4845 4.33025
-2.143475 20.70325 4.51725
-2.143475 20.3125 4.51725
-2.84025 20.70325 4.115
-2.84025 20.3125 4.115
-2.5 20.70325 4.33025
-2.143475 19.922 4.51725
-2.143475 19.53125 4.51725
-2.84025 19.922 4.115
-2.84025 19.53125 4.115
-2.5 19.922 4.33025
-2.143475 19.14075 4.51725
-2.143475 18.75 4.51725
-2.84025 19.14075 4.115
-2.84025 18.75 4.115
-2.5 19.14075 4.33025
-2.143475 17.96875 4.51725
-2.143475 18.3595 4.51725
-2.84025 17.96875 4.115
-2.84025 18.3595 4.115
-2.5 18.3595 4.33025
-2.143475 17.1875 4.51725
-2.143475 17.57825 4.51725
-2.84025 17.1875 4.115
-2.84025 17.57825 4.115
-2.5 17.57825 4.33025
-2.143475 16.40625 4.51725
-2.143475 16.797 4.51725
-2.84025 16.40625 4.115
-2.84025 16.797 4.115
-2.5 16.797 4.33025
-2.143475 15.625 4.51725
-2.143475 16.01575 4.51725
-2.84025 15.625 4.115
-2.84025 16.01575 4.115
-2.5 16.01575 4.33025
-2.143475 14.84375 4.51725
-2.143475 15.2345 4.51725
-2.84025 14.84375 4.115
-2.84025 15.2345 4.115
-2.5 15.2345 4.33025
-2.143475 14.0625 4.51725
-2.143475 14.45325 4.51725
-2.84025 14.0625 4.115
-2.84025 14.45325 4.115
-2.5 14.45325 4.33025
-2.143475 13.28125 4.51725
-2.143475 13.67175 4.51725
-2.84025 13.28125 4.115
-2.84025 13.67175 4.115
-2.5 13.672 4.33025
-2.143475 12.89075 4.51725
-2.143475 12.5 4.51725
-2.84025 12.89075 4.115
-2.5 12.89075 4.33025
-3.4635 12.89075 3.606
-3.16225 12.89075 3.873
-2.84025 12.5 4.115
-3.99725 12.89075 3.00375
-3.7425 12.89075 3.3155
-3.4635 12.5 3.606
-4.42725 12.89075 2.323625
-4.226 12.89075 2.67225
-3.99725 12.5 3.00375
-4.74275 12.89075 1.58335
-4.6 12.89075 1.959825
-4.42725 12.5 2.323625
-4.93525 12.89075 0.80205
-4.85475 12.89075 1.196575
-4.74275 12.5 1.58335
-5.0 12.89075 -4.37125e-07
-4.98375 12.89075 0.402325
-4.93525 12.5 0.80205
-4.93525 12.89075 -0.80205
-4.98375 12.89075 -0.402325
-5.0 12.5 -4.37125e-07
-4.74275 12.89075 -1.58335
-4.85475 12.89075 -1.196575
-4.93525 12.5 -0.80205
-4.42725 12.89075 -2.323625
-4.6 12.89075 -1.959825
-4.74275 12.5 -1.58335
-3.99725 12.89075 -3.00375
-4.226 12.89075 -2.67225
-4.42725 12.5 -2.323625
-3.4635 12.89075 -3.606
-3.7425 12.89075 -3.3155
-3.99725 12.5 -3.00375
-3.16225 12.89075 -3.873
-3.4635 12.5 -3.606
-2.143475 12.5 -4.51725
-2.84025 12.89075 -4.115
-2.84025 12.5 -4.115
-2.14345 13.28125 -4.51725
-2.143475 12.89075 -4.51725
-2.84025 13.28125 -4.115
-2.84025 13.67175 -4.115
-2.5 12.89075 -4.33025
-2.14345 13.67175 -4.51725
-2.14345 14.0625 -4.51725
-2.84025 14.0625 -4.115
-2.84025 14.45325 -4.115
-2.5 13.672 -4.33025
-2.14345 14.45325 -4.51725
-2.14345 14.84375 -4.51725
-2.84025 14.84375 -4.115
-2.84025 15.2345 -4.115
-2.5 14.45325 -4.33025
-2.14345 15.2345 -4.51725
-2.14345 15.625 -4.51725
-2.84025 15.625 -4.115
-2.84025 16.01575 -4.115
-2.5 15.2345 -4.33025
-2.14345 16.01575 -4.51725
-2.14345 16.40625 -4.51725
-2.84025 16.40625 -4.115
-2.84025 16.797 -4.115
-2.5 16.01575 -4.33025
-2.14345 16.797 -4.51725
-2.14345 17.1875 -4.51725
-2.84025 17.1875 -4.115
-2.84025 17.57825 -4.115
-2.5 16.797 -4.33025
-2.14345 17.57825 -4.51725
-2.14345 17.96875 -4.51725
-2.84025 17.96875 -4.115
-2.84025 18.3595 -4.115
-2.5 17.57825 -4.33025
-2.14345 18.3595 -4.51725
-2.14345 18.75 -4.51725
-2.84025 19.14075 -4.115
-2.84025 18.75 -4.115
-2.5 18.3595 -4.33025
-2.14345 19.53125 -4.51725
-2.14345 19.14075 -4.51725
-2.84025 19.922 -4.115
-2.84025 19.53125 -4.115
-2.5 19.14075 -4.33025
-2.14345 20.3125 -4.51725
-2.14345 19.922 -4.51725
-2.84025 20.70325 -4.115
-2.84025 20.3125 -4.115
-2.5 19.922 -4.33025
-2.14345 21.09375 -4.51725
-2.14345 20.70325 -4.51725
-2.84025 21.4845 -4.115
-2.84025 21.09375 -4.115
-2.5 20.70325 -4.33025
-2.14345 21.875 -4.51725
-2.14345 21.4845 -4.51725
-2.84025 22.26575 -4.115
-2.84025 21.875 -4.115
-2.5 21.4845 -4.33025
-2.14345 22.65625 -4.51725
-2.14345 22.26575 -4.51725
-2.84025 23.047 -4.115
-2.84025 22.65625 -4.115
-2.5 22.26575 -4.33025
-2.14345 23.4375 -4.51725
-2.14345 23.047 -4.51725
-2.84025 23.4375 -4.115
-2.5 23.047 -4.33025
-2.14345 24.21875 -4.51725
-2.14345 23.82825 -4.51725
-2.84025 24.21875 -4.115
-2.84025 23.82825 -4.115
-2.5 23.82825 -4.33025
-2.14345 24.6095 -4.51725
-2.143475 25.0 -4.51725
-2.84025 24.6095 -4.115
-2.5 24.6095 -4.33025
-3.16225 24.6095 -3.873
-3.4635 24.6095 -3.606
-2.84025 25.0 -4.115
-3.7425 24.6095 -3.3155
-3.99725 24.6095 -3.00375
-3.4635 25.0 -3.606
-4.226 24.6095 -2.67225
-4.42725 24.6095 -2.323625
-3.99725 25.0 -3.00375
-4.6 24.6095 -1.959825
-4.74275 24.6095 -1.58335
-4.42725 25.0 -2.323625
-4.85475 24.6095 -1.196575
-4.93525 24.6095 -0.80205
-4.74275 25.0 -1.58335
-4.98375 24.6095 -0.402325
-5.0 24.6095 -4.37125e-07
-4.93525 25.0 -0.80205
-4.98375 24.6095 0.402325
-4.93525 24.6095 0.80205
-5.0 25.0 -4.37125e-07
-4.85475 24.6095 1.196575
-4.74275 24.6095 1.58335
-4.93525 25.0 0.80205
-4.6 24.6095 1.959825
-4.42725 24.6095 2.323625
-4.74275 25.0 1.58335
-4.226 24.6095 2.67225
-3.99725 24.6095 3.00375
-4.42725 25.0 2.323625
-3.7425 24.6095 3.3155
-3.4635 24.6095 3.606
-3.99725 25.0 3.00375
-3.16225 24.6095 3.873
-2.84025 24.6095 4.115
-3.4635 25.0 3.606
-2.143475 24.6095 4.51725
-2.143475 25.0 4.51725
-2.5 24.6095 4.33025
-2.84025 25.0 4.115
7.48975 2.2877e-15 -0.392525
7.48975 2.2877e-15 0.392525
7.40775 2.26975e-15 1.17325
7.2445 2.234075e-15 1.94115
7.00175 2.181075e-15 2.68775
6.6825 2.762e-15 3.405
6.29 2.67625e-15 4.08475
5.8285 1.92465e-15 4.72
5.30325 2.460675e-15 5.30325
4.72 1.68235e-15 5.8285
4.08475 2.194375e-15 6.29
3.405 1.394975e-15 6.6825
2.68775 1.238225e-15 7.00175
1.94115 1.07505e-15 7.2445
1.17325 1.558075e-15 7.40775
0.392525 7.366e-16 7.48975
-0.392525 5.6505e-16 7.48975
-1.17325 3.94425e-16 7.40775
-1.94115 2.26595e-16 7.2445
-2.68775 7.1425e-16 7.00175
-2.68775 12.5 7.00175
-1.94115 12.5 7.2445
-1.17325 12.5 7.40775
-0.392525 12.5 7.48975
0.392525 12.5 7.48975
1.17325 12.5 7.40775
1.94115 12.5 7.2445
2.68775 12.5 7.00175
3.405 12.5 6.6825
4.08475 12.5 6.29
4.72 12.5 5.8285
5.30325 12.5 5.30325
5.8285 12.5 4.72
6.29 12.5 4.08475
6.6825 12.5 3.405
7.00175 12.5 2.68775
7.2445 12.5 1.94115
7.40775 12.5 1.17325
7.48975 12.5 -0.392525
7.48975 12.5 0.392525
-3.405 5.57525e-16 6.6825
-4.08475 -2.41895e-16 6.29
-4.72 -3.807e-16 5.8285
-5.30325 -5.082e-16 5.30325
-5.8285 -6.23e-16 4.72
-6.29 -7.2385e-16 4.08475
-6.6825 -8.09625e-16 3.405
-7.00175 -8.794e-16 2.68775
-7.2445 -9.32425e-16 1.94115
-7.40775 -3.17275e-16 1.17325
-7.48975 -9.86025e-16 0.392525
-7.48975 -9.86025e-16 -0.392525
-7.40775 -3.17275e-16 -1.17325
-7.2445 -9.32425e-16 -1.94115
-7.00175 -8.794e-16 -2.68775
-6.6825 -8.09625e-16 -3.405
-6.29 -7.2385e-16 -4.08475
-5.8285 -6.23e-16 -4.72
-5.30325 -5.082e-16 -5.30325
-4.72 -3.807e-16 -5.8285
-3.405 -9.33125e-17 -6.6825
-4.08475 4.08925e-16 -6.29
-3.405 12.5 -6.6825
-4.08475 12.5 -6.29
-4.72 12.5 -5.8285
-5.30325 12.5 -5.30325
-5.8285 12.5 -4.72
-6.29 12.5 -4.08475
-6.6825 12.5 -3.405
-7.00175 12.5 -2.68775
-7.2445 12.5 -1.94115
-7.40775 12.5 -1.17325
-7.48975 12.5 -0.392525
-7.48975 12.5 0.392525
-7.40775 12.5 1.17325
-7.2445 12.5 1.94115
-7.00175 12.5 2.68775
-6.6825 12.5 3.405
-6.29 12.5 4.08475
-5.8285 12.5 4.72
-5.30325 12.5 5.30325
-4.72 12.5 5.8285
-3.405 12.5 6.6825
-4.08475 12.5 6.29
